Filename, TP, IP, Lin1, Lin2, ErrorRate, outlierRate, meanMovetime, meanIDe
/divya741,5.6609,6.0573,0.0587,0.1651,0.0000,0.0000,0.9174,5.2015 
/P31FA1,3.3471,5.2184,0.5729,0.1916,0.6800,0.0000,1.6672,5.7769 
/P34FA3,3.4369,4.6415,0.3166,0.2154,0.4533,0.0000,1.4858,5.0514 
/divya732,2.9594,1.8136,-1.0842,0.5514,0.1867,0.0400,1.8932,5.3709 
/P31T2,4.5896,2.7475,-0.6240,0.3640,0.1200,0.0267,1.0822,4.6877 
/P32FA2,3.1653,1.4930,-1.6679,0.6698,0.2133,0.0133,1.6761,4.9031 
/divya731,2.9343,1.3585,-1.8794,0.7361,0.2267,0.0533,1.9050,5.1523 
/borrar,5.6842,4.0774,-0.0753,0.2453,0.1067,0.0133,1.1640,5.1551 
/P34FA1,4.7288,-5.0245,1.9151,-0.1990,0.3467,0.0133,1.1934,4.7528 
/P32FA1,2.9285,9.0588,1.8832,0.1104,0.6000,0.0267,2.2653,6.0730 
/P33M3,5.6331,-6.6099,1.4551,-0.1513,0.1333,0.0133,0.8580,4.2449 
/11p23,3.2161,3.7625,0.6056,0.2658,0.1067,0.0133,2.2246,5.8741 
/P31FR1,3.2491,2.1257,-0.7305,0.4704,0.2000,0.0267,1.4417,4.6289 
/divya723,4.4115,1.2023,-2.8683,0.8317,0.1733,0.0267,1.4260,5.1001 
/P32M1,6.4889,3.3034,-0.7029,0.3027,0.0800,0.0133,0.8097,5.0108 
/P34FR3,3.2310,-4.6778,2.9724,-0.2138,0.4133,0.0267,2.9052,5.4885 
/P31FA2,3.6552,2.5295,-0.5447,0.3953,0.3200,0.0533,1.3556,4.8106 
/P31FA3,3.4097,6.4038,0.7502,0.1562,0.4933,0.0267,1.6153,5.4238 
/11p22,3.2969,0.7578,-4.2879,1.3197,0.0667,0.0133,1.5186,4.4111 
/P33FA3,3.0801,1.6984,-1.2035,0.5888,0.4533,0.0133,1.8078,5.2345 
/ZL1,2.9890,3.9168,0.3632,0.2553,0.3467,0.0133,1.5476,4.6384 
/sheldonTestr,1.8361,2.0120,0.2309,0.4970,0.2267,0.0267,2.6785,4.9292 
/P34T3,3.6164,4.5217,0.2963,0.2212,0.0133,0.0133,1.5191,5.5283 
/11p13,6.6149,4.1778,-0.4473,0.2394,0.0400,0.0000,0.8074,5.2429 
/P33FA11,3.3946,3.2672,-0.0718,0.3061,0.5200,0.0000,1.4305,4.7858 
/P32FR3,2.8453,1.2160,-2.2287,0.8223,0.1067,0.0267,2.0378,5.1816 
/11p41,3.2768,2.3830,-0.5635,0.4196,0.1200,0.0400,1.6304,5.2267 
/P33FR1,2.9879,2.1391,-0.6425,0.4675,0.1733,0.0133,1.7158,5.0161 
/divya722,5.6665,2.9767,-0.8079,0.3359,0.0667,0.0000,0.9596,5.2609 
/P32M3,6.1015,3.4439,-0.6151,0.2904,0.1067,0.0000,0.8683,5.1032 
/divya724,5.7477,3.2808,-0.6634,0.3048,0.1467,0.0133,0.9687,5.3544 
/divya11,3.0006,3.0028,0.0013,0.3330,0.0400,0.0000,1.7229,5.1699 
/P31M2,6.9056,8.0816,0.1007,0.1237,0.1333,0.0133,0.7299,5.0367 
/P33T1,3.6612,3.6692,0.0029,0.2725,0.0400,0.0267,1.4022,5.1343 
/P33T3,4.1565,4.7369,0.1525,0.2111,0.0800,0.0000,1.2932,5.3908 
/julianBorrar,4.5283,4.1322,-0.0811,0.2420,0.0533,0.0133,0.9671,4.3321 
/Divya742,5.9528,3.2454,-0.7276,0.3081,0.0533,0.0000,0.9277,5.3636 
/P32FR2,3.0832,1.2366,-2.3143,0.8087,0.1200,0.0000,1.8472,5.1226 
Julian-data/fingers/JulianX300Y200jl,4.3458,2.8356,-0.4881,0.3527,0.1200,0.0267,1.0746,4.4307 
Julian-data/fingers/JulianX250Y150jl,4.0335,3.3747,-0.1855,0.2963,0.1333,0.0000,1.0989,4.3415 
Julian-data/fingers/JulianX300Y300jl,3.8051,2.4492,-0.5861,0.4083,0.0800,0.0133,1.2195,4.4243 
Julian-data/fingers/JulianX250Y250jl,4.3020,2.9177,-0.4524,0.3427,0.1600,0.0533,1.1180,4.5820 
Julian-data/fingers/JulianX250Y200jl,4.7953,2.9097,-0.5572,0.3437,0.0800,0.0267,1.0171,4.5731 
Julian-data/fingers/julianX300Y150jl,4.0380,3.4140,-0.1858,0.2929,0.2000,0.0400,1.1767,4.6522 
Julian-data/Mouse,6.1996,5.1844,-0.1330,0.1929,0.0000,0.0000,0.7419,4.5359 
Julian-data/Trackpad,4.5240,4.7944,0.0546,0.2086,0.0133,0.0000,1.0060,4.5624 
/P34T1,3.2592,3.5920,0.1500,0.2784,0.0667,0.0133,1.6183,5.2457 
/P33FR11,2.7244,1.1674,-2.4533,0.8566,0.2267,0.0133,2.2383,5.3273 
/sheldonTest,2.5330,0.9865,-3.2907,1.0137,0.2800,0.0400,2.2274,5.4450 
/divya71,2.4230,-14.9621,2.1083,-0.0668,0.0933,0.0133,1.8243,4.3496 
/buuerase,5.8356,1.2827,-2.0905,0.7796,0.1067,0.0133,1.2701,4.2677 
/P32T2,4.0419,2.2051,-1.0419,0.4535,0.0933,0.0133,1.3736,5.3284 
/P32FR11,2.4408,1.7021,-0.9206,0.5875,0.1467,0.0267,2.2389,5.3278 
/P33FA31,3.4235,3.3032,-0.0846,0.3027,0.4667,0.0133,1.4196,4.7717 
/P31T1,3.5842,4.7123,0.3310,0.2122,0.2000,0.0267,1.3800,4.9771 
/divyaTest,1.8053,1.0110,-2.0950,0.9891,0.1333,0.0533,2.9007,5.0561 
/P33FR31,3.3101,1.5028,-1.7340,0.6654,0.2667,0.0533,1.7191,5.1792 
/11p34,4.0254,2.8771,-0.5152,0.3476,0.0400,0.0133,1.3617,5.3969 
/P33FA2,2.8599,1.9190,-0.8430,0.5211,0.5067,0.0267,1.9324,5.3188 
/P32FA3,2.5503,1.4328,-1.3028,0.6979,0.4400,0.0000,1.8402,4.4896 
/divya743,3.3601,5.7262,0.6897,0.1746,0.2400,0.0000,1.6649,5.6024 
/11p12,4.8200,28.0199,0.9323,0.0357,0.0400,0.0000,1.1259,5.3228 
/P34FA2,5.0592,6.8696,0.2566,0.1456,0.2800,0.0133,1.1151,5.1138 
/11p31,3.6014,3.3144,-0.0841,0.3017,0.1867,0.0133,1.4454,5.1547 
/P34M1,5.2263,6.3661,0.2186,0.1571,0.0667,0.0133,0.9980,5.0481 
/P34FR2,3.9864,9.3119,0.6522,0.1074,0.3067,0.0133,1.3761,4.8937 
/P31FR2,3.1610,1.9493,-0.8718,0.5130,0.2533,0.0267,1.4285,4.4694 
/P101FR1,2.8393,2.0879,-0.6442,0.4790,0.1867,0.0533,2.0560,5.6584 
/P32M2,5.4901,4.1056,-0.1187,0.2436,0.0800,0.0133,1.0638,4.9372 
/11p43,4.9025,2.7365,-0.7988,0.3654,0.1600,0.0533,1.2257,5.4512 
/P31M1,6.2636,41.8309,0.7440,0.0239,0.0800,0.0000,0.8727,5.2885 
/P31T3,5.2876,1.9379,-1.4838,0.5160,0.0933,0.0000,1.1184,5.0603 
/P34FR1,3.6980,2.9462,-0.2922,0.3394,0.1333,0.0133,1.2345,4.4886 
/11p42,2.8793,1.4577,-1.6848,0.6860,0.2933,0.0133,2.3945,5.3098 
/P33FR3,3.7169,1.7366,-1.6541,0.5758,0.2133,0.0133,1.5075,5.4910 
Steven-data/Mouse,5.8891,14.1319,0.4920,0.0708,0.0933,0.0133,0.8439,4.7348 
Steven-data/Fingers/StevenX300Y350jl,5.2550,2.4509,-0.7125,0.4080,0.0933,0.0267,0.9525,4.0614 
Steven-data/Fingers/StevenX250Y350jl,4.1944,4.1951,-0.0029,0.2384,0.1067,0.0000,1.0486,4.3818 
Steven-data/Fingers/StevenX250Y200jl,3.7968,3.1365,-0.2446,0.3188,0.1867,0.0267,1.2460,4.6766 
Steven-data/Fingers/StevenX350Y150jl,3.8674,2.5086,-0.4971,0.3986,0.1467,0.0400,1.0904,3.9759 
Steven-data/Fingers/StevenX300Y150jl,4.0150,1.5143,-1.8599,0.6604,0.0267,0.0267,1.3326,4.8309 
Steven-data/Fingers/StevenX350Y200jl,3.6115,2.0291,-0.7439,0.4928,0.1067,0.0267,1.2242,3.9932 
Steven-data/Fingers/StevenX250Y150jl,3.7096,3.5092,-0.0575,0.2850,0.1067,0.0000,1.1761,4.3300 
Steven-data/Fingers/StevenX350Y350jl,4.2926,3.8207,-0.1165,0.2617,0.1067,0.0400,1.1305,4.7524 
Steven-data/Fingers/StevenX350Y250jl,3.9356,2.7694,-0.4282,0.3611,0.0533,0.0133,1.1845,4.4658 
Steven-data/Fingers/StevenX250Y300jl,4.0021,3.1070,-0.2577,0.3219,0.1600,0.0133,1.0406,4.0345 
Steven-data/Fingers/StevenX300Y300jl,4.4046,5.3978,0.2086,0.1853,0.1333,0.0133,1.0844,4.7406 
Steven-data/Fingers/StevenX300Y250jl,4.7694,4.4279,-0.0502,0.2258,0.0533,0.0000,0.6965,3.3039 
Steven-data/Fingers/StevenX250Y250jl,4.5886,4.7803,0.0306,0.2092,0.1867,0.0267,0.9627,4.4240 
Steven-data/Fingers/StevenX350Y300jl,3.9397,2.7454,-0.5653,0.3642,0.1333,0.0133,1.3879,5.3370 
Steven-data/Fingers/StevenX300Y200jl,4.3177,3.4532,-0.1948,0.2896,0.1200,0.0533,0.9604,3.9881 
Steven-data/Trackpad,4.6122,4.5176,-0.0154,0.2214,0.0667,0.0133,0.8153,3.7571 
Steven-data/KvI/Stevent7k3,5.4430,3.4757,-0.4102,0.2877,0.1200,0.0000,0.8661,4.4355 
Steven-data/KvI/Stevent3k7,4.0027,4.4585,0.1826,0.2243,0.0933,0.0267,1.4207,5.5960 
Steven-data/KvI/Stevent5k5,4.4372,5.5315,0.1740,0.1808,0.0800,0.0000,0.7921,3.4580 
Steven-data/KvI/Stevent3k71,4.3855,4.3512,-0.0017,0.2298,0.1333,0.0000,1.3098,5.7159 
Steven-data/KvI/Stevent0k10,4.6845,3.2971,-0.2852,0.3033,0.0667,0.0133,0.6971,3.2407 
Steven-data/Fatigue/StevenFatigue1,6.1910,4.3732,-0.2868,0.2287,0.0933,0.0000,0.9020,5.1432 
Steven-data/Fatigue/StevenFatigue9,7.5234,5.5882,-0.2078,0.1789,0.1200,0.0400,0.6345,4.7058 
Steven-data/Fatigue/StevenFatigue4,5.6662,5.3392,-0.0335,0.1873,0.0133,0.0133,0.5969,3.3595 
Steven-data/Fatigue/StevenFatigue2,6.0947,5.3689,-0.0993,0.1863,0.0933,0.0267,0.8404,5.0465 
Steven-data/Fatigue/StevenFatigue6,6.0193,6.5768,0.0507,0.1521,0.0667,0.0133,0.5959,3.5891 
Steven-data/Fatigue/StevenFatigue81,5.7011,4.5916,-0.1646,0.2178,0.1067,0.0133,0.7691,4.2834 
Steven-data/Fatigue/StevenFatigue10,6.3537,7.1813,0.0965,0.1393,0.1467,0.0000,0.8638,5.5078 
Steven-data/Fatigue/StevenFatigue3,5.6509,11.2655,0.3225,0.0888,0.0933,0.0133,0.6745,3.9439 
Steven-data/Fatigue/StevenFatigue7,6.4136,5.7358,-0.0752,0.1743,0.0667,0.0000,0.7031,4.4637 
Steven-data/Fatigue/StevenFatigue5,5.4155,11.5807,0.3570,0.0864,0.0000,0.0000,0.6764,3.6993 
Steven-data/Steven-Fatigue/scf5,6.6788,5.6649,-0.1170,0.1765,0.1067,0.0267,0.8014,5.1978 
Steven-data/Steven-Fatigue/SCF1,6.7794,6.5057,-0.0229,0.1537,0.0533,0.0133,0.5706,3.8527 
Steven-data/Steven-Fatigue/scf10,6.4237,6.3940,0.0068,0.1564,0.0400,0.0267,0.7950,5.0395 
Steven-data/Steven-Fatigue/scf2,6.3209,6.0236,-0.0273,0.1660,0.0533,0.0400,0.6753,4.2216 
Steven-data/Steven-Fatigue/scf3,5.8150,6.6496,0.0842,0.1504,0.0667,0.0000,0.7314,4.3039 
Steven-data/Steven-Fatigue/SCFatigue05,6.5792,6.6152,0.0041,0.1512,0.0533,0.0133,0.7298,4.7972 
Steven-data/Steven-Fatigue/scf7,6.3751,8.4743,0.1241,0.1180,0.0667,0.0133,0.5068,3.2462 
/11p11,5.7769,5.2548,-0.0598,0.1903,0.0533,0.0133,0.9939,5.5337 
/P33M1,6.8820,-2.2420,3.1447,-0.4460,0.0933,0.0133,0.7896,5.2864 
/P33T2,5.1844,2.7650,-0.8642,0.3617,0.0933,0.0267,1.0876,5.4076 
/P32FR1,3.7585,4.8102,0.2784,0.2079,0.0267,0.0133,1.2486,4.6799 
/11p14,4.0989,0.6402,-6.7967,1.5621,0.1867,0.0267,1.7388,5.4101 
/P34T2,5.4677,2.2971,-1.2838,0.4353,0.0800,0.0133,1.1361,5.5504 
/julian2,3.6269,9.5381,0.8564,0.1048,0.1067,0.0267,1.3841,5.0247 
/divya744,3.0857,2.4389,-0.4065,0.4100,0.2400,0.0133,2.0081,5.5955 
/divya713,3.5852,9.4499,0.7729,0.1058,0.0533,0.0000,1.2413,4.4567 
/Test,2.6614,6.2769,1.0736,0.1593,0.2000,0.0400,1.8551,4.8848 
/11p24,3.0319,1.1689,-2.5326,0.8555,0.0800,0.0533,1.8193,5.0905 
/11p33,4.4565,3.7929,-0.2043,0.2637,0.0133,0.0133,1.2147,5.3809 
Zhen-data/Mouse,7.6064,5.4710,-0.2053,0.1828,0.0400,0.0000,0.5988,4.4074 
Zhen-data/TvK/ZhenX200Y250T10K0,3.7290,2.9457,-0.2807,0.3395,0.0933,0.0133,1.2020,4.3634 
Zhen-data/TvK/ZhenX200Y250T5K5,3.5615,2.2145,-0.6894,0.4516,0.0533,0.0133,1.3443,4.4963 
Zhen-data/TvK/ZhenX200Y250T7K3,3.6708,3.2231,-0.1579,0.3103,0.0667,0.0267,1.2729,4.6127 
Zhen-data/TvK/ZhenX200Y200T3K7,3.5340,2.8309,-0.2747,0.3532,0.0667,0.0000,1.2573,4.3341 
Zhen-data/TvK/ZhenX200Y250T3K7,3.6344,2.3432,-0.5972,0.4268,0.2133,0.0000,1.3015,4.4428 
Zhen-data/TvK/ZhenX200Y250T0K10,3.5933,2.1763,-0.7255,0.4595,0.2133,0.0533,1.3816,4.5788 
Zhen-data/TvK/ZhenX200Y200T5K5,3.7277,1.9043,-1.0668,0.5251,0.0800,0.0133,1.3150,4.5353 
Zhen-data/TvK/ZhenX200Y200T7K3,3.3746,2.3943,-0.4338,0.4177,0.1067,0.0133,1.2818,4.1097 
Zhen-data/TvK/ZhenX200Y200T10K0,3.4009,2.3034,-0.5165,0.4341,0.1867,0.0533,1.2967,4.1661 
Zhen-data/TvK/ZhenX200Y200T0K10,3.3006,2.1469,-0.6153,0.4658,0.1467,0.0133,1.3828,4.2874 
Zhen-data/Fingers/ZhenX200Y250,3.2005,2.3417,-0.4411,0.4270,0.0533,0.0400,1.3821,4.2665 
Zhen-data/Fingers/ZhenX250Y200,3.4406,2.5555,-0.3879,0.3913,0.0933,0.0133,1.3207,4.3723 
Zhen-data/Fingers/X250Y250,2.9908,2.6669,-0.1695,0.3750,0.1467,0.0267,1.4976,4.4277 
Zhen-data/Fingers/ZhenX250Y150JL,4.5841,3.1173,-0.4179,0.3208,0.0800,0.0133,1.0187,4.4800 
Zhen-data/Fingers/X350Y150,2.3827,2.2035,-0.1124,0.4538,0.1467,0.0400,1.7721,4.1662 
Zhen-data/Fingers/X250Y150,2.8546,1.5011,-1.1248,0.6662,0.3333,0.0000,1.6789,4.2111 
Zhen-data/Fingers/ZhenX250Y150,3.9419,2.7006,-0.4642,0.3703,0.1733,0.0400,1.1867,4.4546 
Zhen-data/Fingers/X350Y250,3.0253,1.8829,-0.8019,0.5311,0.0533,0.0267,1.5190,4.3639 
Zhen-data/Fingers/X250Y300,2.8449,2.3165,-0.3227,0.4317,0.0933,0.0000,1.5657,4.3683 
Zhen-data/Fingers/ZhenX250Y250,3.4612,3.3257,-0.0454,0.3007,0.0667,0.0133,1.2824,4.4237 
Zhen-data/Fingers/X250Y350,3.0122,2.3286,-0.4038,0.4294,0.1067,0.0533,1.5292,4.4973 
Zhen-data/Fingers/ZhenX200Y150,3.3846,3.0997,-0.0927,0.3226,0.2133,0.0267,1.3639,4.5224 
Zhen-data/Fingers/X350Y350,2.9644,2.1569,-0.4940,0.4636,0.0800,0.0133,1.4829,4.2505 
Zhen-data/Fingers/ZhenX250Y200JL,4.1340,3.6132,-0.1425,0.2768,0.1200,0.0400,1.0711,4.3716 
Zhen-data/Fingers/ZhenX250Y250JL,3.9902,3.0726,-0.2863,0.3255,0.1733,0.0400,1.1211,4.3263 
Zhen-data/Fingers/ZhenX200Y200,3.8310,2.1636,-0.8171,0.4622,0.2000,0.0133,1.2602,4.4895 
Zhen-data/Fingers/X250Y200,2.8743,1.7605,-0.8793,0.5680,0.2000,0.0267,1.6103,4.3664 
Zhen-data/Trackpad,4.4234,5.1240,0.1310,0.1952,0.0533,0.0000,0.9936,4.4257 
Zhen-data/SeperateWiimote/ZhenRelNo5T1,4.7754,3.0244,-0.4815,0.3306,0.0400,0.0000,0.9605,4.3594 
Zhen-data/SeperateWiimote/ZhenRelNo4T3,1.8903,2.4441,0.4741,0.4092,0.0533,0.0267,2.2347,4.3000 
Zhen-data/SeperateWiimote/ZhenRelNo1T3,1.2286,1.4420,0.4809,0.6935,0.1067,0.0533,3.5033,4.3579 
Zhen-data/SeperateWiimote/ZhenRelNo1T2,4.0975,2.1186,-0.8230,0.4720,0.0800,0.0133,1.1648,4.2128 
Zhen-data/SeperateWiimote/ZhenRelNo2T3,1.8430,1.7676,-0.0935,0.5657,0.0667,0.0267,2.4209,4.4445 
Zhen-data/SeperateWiimote/ZhenRelNo1T1,3.8001,2.8315,-0.3299,0.3532,0.0800,0.0267,1.1605,4.2204 
Zhen-data/SeperateWiimote/ZhenRelNo3T1,5.2718,4.0738,-0.2161,0.2455,0.0533,0.0000,0.8555,4.3642 
Zhen-data/SeperateWiimote/ZhenAbsNo1T1,4.0870,2.8881,-0.3919,0.3462,0.1333,0.0267,1.1161,4.3588 
Zhen-data/SeperateWiimote/ZhenRelNo3T3,1.6908,1.7112,0.0248,0.5844,0.0933,0.0267,2.4866,4.2100 
Zhen-data/SeperateWiimote/ZhenMouseT1,7.6254,5.0760,-0.2376,0.1970,0.0400,0.0000,0.5858,4.1798 
Zhen-data/SeperateWiimote/ZhenRelNo2T2,4.8420,3.8298,-0.2146,0.2611,0.0400,0.0133,0.9423,4.4217 
Zhen-data/SeperateWiimote/ZhenAbsNo1T2,3.9968,3.0510,-0.2988,0.3278,0.1200,0.0267,1.1308,4.3619 
Zhen-data/SeperateWiimote/ZhenRelNo5T2,4.5156,3.1565,-0.3724,0.3168,0.0400,0.0000,1.0342,4.4402 
Zhen-data/SeperateWiimote/ZhenRelNo2T1,4.5323,3.1341,-0.3808,0.3191,0.0533,0.0000,1.0196,4.3887 
Zhen-data/SeperateWiimote/ZhenTrackT1,5.4780,2.7672,-0.6894,0.3614,0.0667,0.0267,0.8939,4.3854 
Zhen-data/SeperateWiimote/ZhenRelNo4T2,4.3765,3.8689,-0.1157,0.2585,0.0800,0.0267,0.9925,4.2853 
Zhen-data/SeperateWiimote/ZhenRelNo4T1,4.4615,4.3416,-0.0255,0.2303,0.0533,0.0133,0.9703,4.3216 
Zhen-data/SeperateWiimote/ZhenRelNo3T2,4.8538,3.3588,-0.3618,0.2977,0.1067,0.0267,0.9555,4.4234 
Zhen-data/SeperateWiimote/ZhenRelNo5T3,1.9761,2.2189,0.2201,0.4507,0.0800,0.0400,2.1617,4.3045 
Zhen-data/AdjustBufferNewMethod/ZhenA85B20OffT2,4.4266,3.0017,-0.4051,0.3331,0.0667,0.0133,1.0421,4.3462 
Zhen-data/AdjustBufferNewMethod/ZhenA85B20NewT1,4.4362,2.6933,-0.5674,0.3713,0.2267,0.0000,1.0752,4.4216 
Zhen-data/AdjustBufferNewMethod/ZhenA85B20T2,4.0741,2.6315,-0.5022,0.3800,0.1600,0.0533,1.1130,4.2494 
Zhen-data/AdjustBufferNewMethod/ZhenA85B20SqrtT1,4.8115,3.8324,-0.2065,0.2609,0.1467,0.0133,0.9362,4.3827 
Zhen-data/AdjustBufferNewMethod/ZhenA85B20OffT1,4.5127,2.4105,-0.7762,0.4149,0.1600,0.0267,1.0515,4.4072 
Zhen-data/AdjustBufferNewMethod/ZhenA85B20T1,4.1623,1.9359,-1.0778,0.5166,0.1733,0.0133,1.2317,4.4702 
Zhen-data/AdjustBufferNewMethod/ZhenA85B20SqrtOffT1,4.7162,2.8987,-0.5191,0.3450,0.1200,0.0267,1.0021,4.4076 
Zhen-data/AdjustBufferNewMethod/ZhenA85B20SqrtOffT2,4.4901,2.8764,-0.4590,0.3477,0.1600,0.0400,1.0001,4.2013 
Zhen-data/AdjustBufferNewMethod/ZhenA85B20SqrtT2,4.8212,3.0440,-0.4777,0.3285,0.0533,0.0133,0.9519,4.3521 
Zhen-data/AdjustBufferNewMethod/ZhenA85B20NewT2,4.2702,2.8800,-0.4273,0.3472,0.0800,0.0000,1.0402,4.2310 
Zhen-data/sensitivity-test/x150y200,3.9123,2.5674,-0.5573,0.3895,0.1333,0.0400,1.2296,4.5836 
Zhen-data/sensitivity-test/x350y150,3.6399,2.3601,-0.5830,0.4237,0.0400,0.0000,1.2891,4.4196 
Zhen-data/sensitivity-test/x300y150,4.0424,2.1699,-0.8551,0.4609,0.0933,0.0133,1.2405,4.5320 
Zhen-data/sensitivity-test/x350y250,4.2370,2.9922,-0.3919,0.3342,0.0667,0.0000,1.0812,4.4070 
Zhen-data/sensitivity-test/x300y200,4.0194,2.8146,-0.4235,0.3553,0.0800,0.0267,1.1695,4.4858 
Zhen-data/sensitivity-test/x200y150,3.6333,1.9620,-0.9075,0.5097,0.1333,0.0267,1.3222,4.3719 
Zhen-data/sensitivity-test/x200y300,3.5125,2.3782,-0.5327,0.4205,0.0933,0.0000,1.2956,4.3423 
Zhen-data/sensitivity-test/x300y250,4.0002,2.9355,-0.3675,0.3407,0.0800,0.0400,1.1725,4.5208 
Zhen-data/sensitivity-test/x250y150,3.6591,2.6908,-0.3819,0.3716,0.1067,0.0133,1.2819,4.4763 
Zhen-data/sensitivity-test/x350y200,3.9772,3.2951,-0.1991,0.3035,0.0533,0.0133,1.1014,4.2928 
Zhen-data/sensitivity-test/x150y250,3.7001,2.5122,-0.4862,0.3981,0.1600,0.0267,1.2725,4.4399 
Zhen-data/sensitivity-test/x250y250,3.5592,2.2593,-0.6086,0.4426,0.1600,0.0267,1.2692,4.2465 
Zhen-data/sensitivity-test/x150y150,3.5767,2.8854,-0.2551,0.3466,0.1333,0.0400,1.2394,4.3028 
Zhen-data/sensitivity-test/x200y250,3.5502,1.7846,-1.1195,0.5604,0.0800,0.0000,1.3691,4.4376 
Zhen-data/sensitivity-test/x250y200,3.7612,3.0245,-0.2508,0.3306,0.0933,0.0133,1.1976,4.3831 
Zhen-data/sensitivity-test/x200y200,3.4956,2.6569,-0.3468,0.3764,0.0800,0.0000,1.2789,4.3118 
Zhen-data/Fatigue-test/No3,3.9789,-0.3246,20.4896,-3.0804,0.0533,0.0000,1.7383,6.0880 
Zhen-data/Fatigue-test/No6,7.9320,5.8534,-0.1378,0.1708,0.0533,0.0133,0.4240,3.2973 
Zhen-data/Fatigue-test/No9,7.2042,4.5554,-0.4228,0.2195,0.1333,0.0133,0.8033,5.5848 
Zhen-data/Fatigue-test/No7,8.2875,5.8359,-0.1963,0.1714,0.0533,0.0133,0.5702,4.4773 
Zhen-data/Fatigue-test/No8,8.3429,7.6882,-0.0354,0.1301,0.0800,0.0133,0.4248,3.5369 
Zhen-data/Fatigue-test/No1,7.4909,6.0876,-0.1286,0.1643,0.0800,0.0133,0.7063,5.0863 
Zhen-data/Fatigue-test/No2,8.3658,10.5082,0.0813,0.0952,0.0133,0.0000,0.3965,3.3077 
Zhen-data/Fatigue-test/No5,7.7842,3.5078,-0.7043,0.2851,0.0400,0.0000,0.6501,4.7506 
Zhen-data/Fatigue-test/No10,7.0010,5.3511,-0.1869,0.1869,0.0800,0.0000,0.7614,5.0762 
Zhen-data/Fatigue-test/No4,8.0588,6.5008,-0.0852,0.1538,0.0933,0.0000,0.3935,3.1194 
Zhen-data/CraigData/TestS05B6T1,6.0871,1.6369,-2.0710,0.6109,0.0933,0.0133,1.2880,5.4353 
Zhen-data/CraigData/TestS05B3T1,2.2856,3.4859,0.7193,0.2869,0.0667,0.0133,2.0093,4.5608 
Zhen-data/CraigData/TestS10B6T2,3.1505,2.2597,-0.5421,0.4425,0.0267,0.0000,1.5879,4.8202 
Zhen-data/CraigData/TestS10B3T1,4.0044,2.3364,-0.9378,0.4280,0.0933,0.0133,1.3985,5.4536 
Zhen-data/CraigData/TestS10B6T1,4.1104,2.6772,-0.6359,0.3735,0.0800,0.0133,1.2799,5.1291 
Zhen-data/CraigData/TestS05B3T2,3.6710,4.3662,0.2628,0.2290,0.1600,0.0133,1.5410,5.5544 
Zhen-data/CraigData/TestS10B3T2,3.0200,-14.7031,1.9703,-0.0680,0.0933,0.0267,1.6358,4.8487 
Zhen-data/CraigData/TestS05B6T2,4.0785,2.0532,-1.0107,0.4870,0.0800,0.0133,1.3805,4.8781 
/ZL,1.9046,-18.0736,2.7297,-0.0553,0.1333,0.0000,2.5212,4.6776 
/divya714,2.9314,2.3544,-0.4003,0.4247,0.0667,0.0400,1.7761,5.1127 
/11p32,3.4184,2.3545,-0.7741,0.4247,0.1467,0.0133,1.8779,6.2213 
/P33FR21,3.6024,-28.7050,1.4262,-0.0348,0.0400,0.0267,1.2937,4.4787 
/P33FA1,2.0232,0.4920,-7.7059,2.0323,0.4267,0.0000,2.9062,5.2952 
/divya721,3.5664,-14.1865,1.5090,-0.0705,0.4000,0.0133,1.2823,4.4522 
/divya712,4.2665,2.5167,-0.7542,0.3973,0.2000,0.0000,1.5364,5.5375 
/P34M3,4.3298,-1.3345,4.8984,-0.7494,0.0667,0.0133,1.3476,4.7431 
/julian3,5.6238,3.4232,-0.5359,0.2921,0.1600,0.0133,1.2219,5.6850 
/asdasdasW,3.8729,14.0803,0.8013,0.0710,0.1733,0.0400,1.1218,4.2352 
/P34M2,5.4427,-2.8245,2.9783,-0.3540,0.2400,0.0133,1.1262,5.5127 
/P33FA21,5.2238,1.4114,-2.2769,0.7085,0.3467,0.0133,0.9474,4.3836 
/11p21,2.1634,0.6166,-6.2267,1.6217,0.4133,0.0000,2.8857,5.5411 
/P33FR2,3.5462,-4.9521,2.1668,-0.2019,0.1333,0.0400,1.2947,4.3516 
/11p44,3.5960,1.8313,-1.3139,0.5460,0.1867,0.0267,1.5087,5.1507 
/divya734,3.0562,39.7624,1.8797,0.0251,0.1733,0.0400,2.0101,6.0876 
/P31M3,6.6722,-10.8199,1.1840,-0.0924,0.0533,0.0133,0.7565,4.5142 
/P32T1,4.6268,-6.3332,2.2614,-0.1579,0.0800,0.0133,1.3486,5.8502 
/P31FR3,4.1287,2.8504,-0.5069,0.3508,0.1333,0.0267,1.1493,4.7146 
/divya733,3.3862,3.0948,-0.1312,0.3231,0.0933,0.0133,1.6456,5.5068 
/P33M2,5.5373,4.5818,-0.0042,0.2183,0.0533,0.0133,1.1042,5.1054 
