MFLTStevenTrackpad,B
,2014-07-28

Target#, time, targetX, targetY, clicked, keyPressed, condition (W&D)
0,1.14169406891,475.0,97.0,0,0,58,756
1,1.14169812202,368.505093514,837.688344026,0,0,58,756
2,4.05045318604,679.362228998,157.00616459,0,0,58,756
3,6.11056113243,189.326660894,722.537357431,0,0,58,756
4,16.3761401176,818.840894244,317.973125085,0,0,58,756
5,18.4661991596,100.847494969,528.795008867,0,0,58,756
6,20.2471909523,849.152505031,528.795008867,0,0,58,756
7,22.9045159817,131.159105756,317.973125085,0,0,58,756
8,28.7059931755,760.673339106,722.537357431,0,0,58,756
9,30.9649131298,270.637771002,157.00616459,0,0,58,756
10,33.0143489838,581.494906486,837.688344026,0,0,58,756
11,34.8338589668,475.0,97.0,0,0,58,756
