MFLTStevenTrackpad,C
,2014-07-28
Target#, times, x, y 
0, 0.387502908707,465,244
0, 0.397897958755,471,208
0, 0.406795978546,474,193
0, 0.417321920395,474,188
0, 0.426800012589,475,186
0, 0.447677135468,475,187
0, 0.457229137421,475,188
0, 0.467651128769,475,190
0, 0.476576089859,475,191
0, 0.526781082153,475,188
0, 0.536556959152,475,185
0, 0.546751976013,476,182
0, 0.55612206459,476,178
0, 0.566816091537,476,174
0, 0.576826095581,476,169
0, 0.586017131805,476,165
0, 0.596727132797,476,164
0, 0.606566905975,476,162
0, 0.676167011261,476,161
0, 0.686594963074,476,160
0, 0.695646047592,474,157
0, 0.705634117126,472,155
0, 0.715625047684,470,152
0, 0.725923061371,470,151
0, 0.735656023026,468,149
0, 0.745719909668,467,147
0, 0.766009092331,467,146
0, 0.80567407608,467,145
0, 0.815804958344,467,144
0, 0.824883937836,467,143
0, 0.835497140884,468,141
0, 0.844669103622,469,138
0, 0.855516910553,470,136
0, 0.865085124969,471,134
0, 0.874788045883,471,133
0, 0.884531974792,471,132
0, 0.89498090744,472,132
0, 0.964931964874,472,131
0, 0.974209070206,473,131
0, 0.984808921814,474,130
0, 0.993983030319,475,129
0, 1.0148229599,475,128
0, 1.10461091995,475,127
0, 1.12371397018,475,125
0, 1.13357996941,475,124
0, 1.15340900421,475,123
0, 1.16382098198,475,121
0, 1.18364310265,475,120
0, 1.19375300407,475,119
0, 1.2138941288,475,118
0, 1.22336602211,475,117
0, 1.23343610764,475,116
0, 1.25335502625,475,115
0, 1.29370594025,475,114
0, 1.31274008751,475,113
0, 1.57272410393,475,112
0, 1.6119351387,475,111
0, 1.63157892227,475,110
0, 1.65121293068,475,109
0, 1.69161701202,475,108
0, 1.71125292778,475,107
0, 1.73092603683,475,106
0, 2.04007792473,475,105
0, 2.05971908569,475,104
0, 2.11909508705,475,103
0, 2.14861392975,475,102
1, 2.70654606819,475,105
1, 2.71602702141,475,111
1, 2.7261929512,475,121
1, 2.73575997353,474,131
1, 2.74576306343,470,140
1, 2.75519394875,469,149
1, 2.76608395576,467,156
1, 2.77622914314,466,163
1, 2.78563094139,464,170
1, 2.79635190964,464,177
1, 2.80533194542,464,182
1, 2.81579494476,464,186
1, 2.82554197311,464,191
1, 2.83535695076,464,196
1, 2.84637212753,464,204
1, 2.85561609268,466,213
1, 2.86642503738,467,221
1, 2.87530398369,468,228
1, 2.88508105278,468,231
1, 2.89466500282,470,231
1, 2.92397093773,472,236
1, 3.69238805771,460,279
1, 3.70168995857,438,337
1, 3.71098995209,416,395
1, 3.72167611122,389,451
1, 3.73197698593,362,514
1, 3.74213504791,340,566
1, 3.75164794922,327,613
1, 3.76152706146,319,650
1, 3.77141213417,315,667
1, 3.78156709671,313,675
1, 3.79089808464,313,676
1, 3.80003213882,313,674
1, 3.99051403999,315,677
1, 3.99984002113,317,685
1, 4.01003313065,321,697
1, 4.0201189518,325,711
1, 4.03070092201,330,726
1, 4.04052805901,334,740
1, 4.05013394356,338,757
1, 4.06014800072,342,770
1, 4.07038497925,343,780
1, 4.0799279213,346,786
1, 4.08966207504,346,788
1, 4.10037994385,346,789
1, 4.10907006264,346,790
1, 4.12015509605,346,791
1, 4.13033008575,347,792
1, 4.13891601562,348,793
1, 4.14918708801,349,796
1, 4.15913796425,350,800
1, 4.16969895363,351,805
1, 4.18008494377,352,812
1, 4.18930006027,352,821
1, 4.1992931366,352,826
1, 4.20965790749,353,833
1, 4.21896791458,354,837
1, 4.22934699059,354,839
1, 4.23869204521,355,840
1, 4.24850010872,355,841
1, 4.30874991417,355,839
1, 4.31886100769,356,838
1, 4.32847499847,356,837
1, 4.33927512169,357,835
1, 4.34853506088,358,835
1, 4.35822796822,359,835
1, 4.3678920269,359,834
1, 4.49825692177,360,834
1, 4.50861907005,361,834
1, 4.52810192108,362,834
1, 4.53753590584,363,834
1, 4.54810094833,364,834
1, 5.12536406517,363,834
1, 5.13568711281,364,834
2, 6.16080498695,392,795
2, 6.17016792297,434,743
2, 6.18027496338,481,675
2, 6.19094109535,536,607
2, 6.19944000244,587,529
2, 6.20984911919,625,466
2, 6.22002410889,650,422
2, 6.23079013824,663,405
2, 6.23960494995,666,401
2, 6.25011396408,667,401
2, 6.26956701279,663,408
2, 6.27970790863,655,420
2, 6.28802514076,646,441
2, 6.31791996956,638,435
2, 6.45887708664,638,434
2, 6.46881008148,638,430
2, 6.47908592224,641,419
2, 6.48947501183,642,391
2, 6.49938702583,649,345
2, 6.50853896141,655,300
2, 6.51872706413,662,244
2, 6.52853798866,666,205
2, 6.53796005249,669,188
2, 6.54860091209,670,178
2, 6.55821299553,671,174
2, 6.58845496178,671,175
2, 6.5986571312,671,178
2, 6.60835194588,671,179
2, 6.61762309074,671,181
2, 6.62803506851,671,182
2, 6.68844103813,671,178
2, 6.69731807709,671,172
2, 6.70772790909,671,163
2, 6.71715092659,671,155
2, 6.72769212723,671,148
2, 6.7371609211,672,142
2, 6.74762892723,673,140
2, 6.75733804703,674,138
2, 6.87725806236,674,139
2, 6.88630199432,674,141
2, 6.8971850872,674,142
2, 6.90659594536,674,145
2, 6.91665506363,674,147
2, 6.92682504654,674,148
2, 6.93667411804,674,149
2, 6.9570069313,674,150
2, 7.11461496353,675,152
3, 7.41350412369,675,154
3, 8.33080101013,648,183
3, 8.33992409706,605,223
3, 8.34921908379,568,265
3, 8.36037802696,537,313
3, 8.37017202377,514,344
3, 8.38066601753,493,369
3, 8.38980603218,467,392
3, 8.39967298508,443,421
3, 8.40951395035,422,446
3, 8.41971206665,396,467
3, 8.43003201485,367,494
3, 8.43948912621,340,535
3, 8.44968700409,317,569
3, 8.45994305611,301,602
3, 8.4695110321,287,634
3, 8.479596138,279,661
3, 8.48929095268,275,674
3, 8.49953508377,274,680
3, 8.50983405113,274,681
3, 8.53913402557,274,678
3, 8.69885802269,273,679
3, 8.70825004578,270,682
3, 8.71856307983,263,687
3, 8.72856807709,255,695
3, 8.73866009712,246,700
3, 8.74847912788,240,703
3, 8.75847506523,234,707
3, 8.76816797256,232,708
3, 8.778028965,229,709
3, 8.78752493858,226,709
3, 8.79748010635,223,709
3, 8.80780792236,221,711
3, 8.81818699837,219,712
3, 8.82772898674,216,712
3, 8.838545084,212,713
3, 8.84744095802,210,713
3, 8.85813903809,207,713
3, 8.86820006371,204,713
3, 8.87811303139,203,713
3, 8.88806796074,202,713
3, 8.89776301384,201,713
3, 9.11663508415,200,713
3, 9.31623911858,200,714
3, 9.32566094398,199,715
3, 9.34551692009,199,716
3, 9.35638308525,199,717
3, 9.36539912224,198,717
3, 9.39549803734,198,718
3, 9.43566703796,197,718
3, 9.44566297531,197,719
3, 9.45561695099,196,719
3, 9.46522712708,196,720
3, 9.47552609444,195,720
3, 9.4844019413,194,721
3, 9.51471495628,193,721
3, 9.52307701111,193,722
4, 10.6005959511,232,688
4, 10.6101269722,297,633
4, 10.6197199821,364,589
4, 10.6298351288,431,550
4, 10.6402709484,478,522
4, 10.6490540504,511,504
4, 10.6596651077,523,497
4, 10.669023037,529,497
4, 10.6790239811,529,498
4, 10.6885790825,529,503
4, 10.6981189251,525,515
4, 10.7073330879,511,522
4, 10.7379980087,502,519
4, 10.8690509796,508,511
4, 10.8789651394,523,494
4, 10.888584137,555,466
4, 10.8983640671,599,441
4, 10.908427,638,419
4, 10.9183559418,671,403
4, 10.9283690453,701,395
4, 10.9382100105,725,395
4, 10.9484181404,745,397
4, 10.9582939148,758,403
4, 10.967744112,769,409
4, 10.9779689312,777,416
4, 10.9883639812,781,420
4, 10.9973919392,783,423
4, 11.0083739758,784,424
4, 11.0172610283,786,424
4, 11.0281419754,790,422
4, 11.0379319191,795,418
4, 11.0470230579,801,412
4, 11.0575499535,807,401
4, 11.0670471191,818,385
4, 11.0777521133,832,365
4, 11.0882470608,852,342
4, 11.0972840786,867,324
4, 11.1072261333,880,307
4, 11.1173830032,888,294
4, 11.1263279915,891,288
4, 11.1377160549,893,286
4, 11.1674990654,891,292
4, 11.1767771244,884,301
4, 11.1865849495,875,310
4, 11.1967010498,864,318
4, 11.206651926,853,325
4, 11.217345953,844,332
4, 11.2267370224,837,335
4, 11.2372550964,831,338
4, 11.2468550205,827,338
4, 11.2574670315,825,338
4, 11.2660329342,823,338
4, 11.2765431404,822,338
4, 11.2867729664,820,338
4, 11.2960500717,818,337
4, 11.306385994,817,337
4, 11.3162341118,814,337
4, 11.3258359432,812,337
4, 11.3367860317,810,337
4, 11.346583128,808,337
4, 11.3569171429,805,337
4, 11.3663790226,804,337
4, 11.3758010864,803,337
4, 11.3863530159,802,337
4, 11.4758780003,803,337
4, 11.4861500263,804,336
4, 11.4962110519,806,335
4, 11.5049650669,808,334
4, 11.5157589912,811,332
4, 11.5252120495,813,332
4, 11.5354061127,815,330
4, 11.5461599827,817,327
4, 11.555177927,819,325
4, 11.5650269985,821,323
4, 11.5852980614,821,322
5, 12.8898711205,786,341
5, 12.8992469311,736,365
5, 12.9084770679,687,388
5, 12.918941021,639,404
5, 12.9282870293,585,421
5, 12.9393389225,538,432
5, 12.9490411282,495,440
5, 12.9592769146,455,449
5, 12.9692001343,436,452
5, 12.9791200161,426,452
5, 12.988656044,423,452
5, 12.9985029697,423,450
5, 13.0085959435,424,446
5, 13.0168089867,431,442
5, 13.1979711056,429,442
5, 13.2080790997,422,443
5, 13.2173600197,405,447
5, 13.2277650833,364,456
5, 13.2374560833,309,478
5, 13.2475590706,249,505
5, 13.2571389675,190,537
5, 13.267385006,147,560
5, 13.2771041393,114,579
5, 13.2870731354,91,589
5, 13.2952201366,82,601
5, 13.3255989552,51,616
5, 13.5069749355,50,616
5, 13.5160300732,49,615
5, 13.5266480446,48,612
5, 13.5370140076,48,609
5, 13.5459980965,48,605
5, 13.5563969612,48,598
5, 13.5659370422,49,591
5, 13.5755960941,50,585
5, 13.5862760544,52,581
5, 13.5954949856,55,578
5, 13.6058549881,57,576
5, 13.6159260273,60,575
5, 13.6255860329,63,574
5, 13.6358230114,66,574
5, 13.6453080177,70,574
5, 13.6559259892,73,574
5, 13.666077137,74,574
5, 13.6752500534,77,574
5, 13.6850180626,79,574
5, 13.704980135,81,574
5, 13.7158961296,82,574
5, 13.7258501053,83,574
5, 13.7345900536,84,574
5, 13.7452530861,85,574
5, 13.7653229237,86,573
5, 13.7749369144,87,573
5, 13.7855799198,87,572
5, 13.7949230671,88,572
5, 13.8046340942,88,571
5, 13.8151500225,89,571
5, 13.8242919445,89,570
5, 13.8553440571,89,569
5, 13.875,89,568
5, 13.88499403,90,566
5, 13.8947689533,90,564
5, 13.9046459198,90,560
5, 13.913654089,91,558
5, 13.9247379303,91,556
5, 13.9346520901,91,554
5, 13.943903923,92,553
5, 13.9644370079,92,552
5, 13.9744949341,93,552
5, 14.0042741299,94,551
5, 14.034101963,95,550
5, 14.0437030792,96,550
5, 14.1239349842,97,549
5, 14.1334540844,98,548
5, 14.1535570621,99,546
5, 14.1627681255,100,544
5, 14.1735630035,100,543
5, 14.1830041409,101,542
5, 14.1931049824,101,541
5, 14.2028930187,102,540
5, 14.2529249191,102,541
5, 14.261865139,101,541
5, 14.3926720619,101,540
5, 14.4020969868,102,539
5, 14.4118621349,103,538
5, 14.4226341248,103,537
5, 14.441270113,103,536
5, 14.7606430054,103,534
5, 14.7701840401,103,533
5, 14.7800791264,103,535
6, 14.8785200119,103,539
6, 15.7363801003,138,545
6, 15.7463760376,205,545
6, 15.7559850216,300,541
6, 15.7666239738,393,530
6, 15.7758829594,492,519
6, 15.7864789963,523,512
6, 15.7956430912,572,503
6, 15.8051629066,625,496
6, 15.8158519268,677,489
6, 15.8260710239,715,487
6, 15.835310936,738,484
6, 15.8440310955,746,484
6, 15.8740990162,791,484
6, 16.0254809856,794,483
6, 16.0342669487,800,482
6, 16.0447340012,809,479
6, 16.0543990135,821,477
6, 16.0643060207,838,474
6, 16.0750379562,858,474
6, 16.083990097,875,474
6, 16.094399929,888,476
6, 16.1038069725,897,480
6, 16.1135909557,900,482
6, 16.1236810684,902,485
6, 16.1344139576,902,486
6, 16.1447319984,902,487
6, 16.173871994,901,487
6, 16.1844820976,901,488
6, 16.1941640377,901,489
6, 16.2031590939,900,490
6, 16.2236509323,899,491
6, 16.2331650257,899,492
6, 16.2442860603,899,493
6, 16.2533380985,899,494
6, 16.2637579441,899,495
6, 16.2736420631,899,498
6, 16.2830529213,898,502
6, 16.2936251163,898,504
6, 16.3030920029,897,506
6, 16.3140439987,895,508
6, 16.3238449097,894,510
6, 16.3329029083,893,510
6, 16.3438670635,892,510
6, 16.3533301353,891,510
6, 16.3626289368,890,510
6, 16.3725290298,889,510
6, 16.3832530975,888,510
6, 16.3932619095,887,510
6, 16.4132361412,886,510
6, 16.422647953,885,510
6, 16.4326839447,883,510
6, 16.44272995,881,510
6, 16.4524960518,880,511
6, 16.4621520042,878,512
6, 16.4722571373,876,513
6, 16.4831190109,876,514
6, 16.4923379421,875,514
6, 16.5027999878,874,515
6, 16.5121469498,873,516
6, 16.5231759548,873,517
6, 16.5421779156,873,519
6, 16.5520780087,872,520
6, 16.5723631382,871,521
6, 16.5819151402,871,522
6, 16.5921781063,871,523
6, 16.6021640301,870,524
6, 16.6128020287,870,525
6, 16.6822280884,869,526
6, 16.6914169788,868,526
6, 16.7018549442,868,527
6, 16.7123799324,867,527
6, 16.7214980125,867,528
6, 16.7313950062,866,528
6, 16.7418580055,866,529
6, 16.7917830944,865,529
6, 16.8012330532,864,529
6, 16.8106920719,863,529
6, 16.8211569786,862,529
6, 16.8309030533,861,530
6, 16.8508110046,860,530
6, 16.8711159229,859,530
6, 16.9105420113,858,530
6, 16.9908211231,857,530
6, 17.020316124,856,530
6, 17.0799770355,832,627
6, 17.0905370712,783,848
6, 20.8437619209,19,450
6, 20.8511741161,27,459
6, 20.8804600239,80,465
6, 21.012460947,82,465
6, 21.0214891434,90,462
6, 21.0323009491,111,458
6, 21.0422320366,170,455
6, 21.0516300201,252,462
6, 21.0614759922,339,483
6, 21.0722789764,433,505
6, 21.081195116,508,528
6, 21.0910599232,517,537
6, 21.1007931232,532,544
6, 21.110129118,543,548
6, 21.1396520138,582,556
6, 21.2710340023,585,555
6, 21.2804551125,591,553
6, 21.291228056,619,540
6, 21.3001289368,673,524
6, 21.3105289936,737,507
6, 21.3210411072,794,497
6, 21.3310229778,832,493
6, 21.3404049873,853,493
6, 21.3506929874,861,493
6, 21.3597810268,863,493
6, 21.3697419167,863,495
6, 21.3904471397,861,499
6, 21.4004690647,855,504
6, 21.4103429317,849,509
6, 21.4198689461,847,512
6, 21.4302830696,843,516
6, 21.4399559498,842,517
6, 21.450024128,841,517
6, 21.4598059654,841,518
6, 21.5194950104,841,519
6, 21.5295240879,843,519
6, 21.5392301083,847,520
6, 21.5488820076,850,521
6, 21.5597429276,852,522
6, 21.569633007,854,523
6, 21.5791640282,855,523
6, 21.6690840721,854,523
6, 21.6785979271,853,523
6, 21.6882090569,852,523
6, 21.6992599964,851,523
6, 21.7085750103,850,523
6, 21.7182650566,850,524
6, 21.7285120487,849,524
6, 21.8285069466,848,524
6, 21.8487141132,848,525
6, 21.8876960278,847,526
6, 21.8975009918,847,527
6, 21.9072160721,846,528
6, 21.9160439968,845,528
6, 22.0674250126,844,528
7, 23.0925290585,802,519
7, 23.102353096,738,502
7, 23.1122660637,678,490
7, 23.1227500439,612,482
7, 23.1314530373,557,478
7, 23.1422641277,502,476
7, 23.1520400047,465,476
7, 23.1617500782,448,476
7, 23.1711609364,441,477
7, 23.1809899807,437,484
7, 23.21017313,401,492
7, 23.3517069817,398,490
7, 23.3614029884,389,476
7, 23.3704829216,374,450
7, 23.380906105,349,409
7, 23.3914709091,328,357
7, 23.4005160332,310,312
7, 23.4111769199,296,283
7, 23.4207749367,290,271
7, 23.430535078,285,266
7, 23.4412379265,281,266
7, 23.4499409199,276,268
7, 23.458810091,270,281
7, 23.6102869511,267,281
7, 23.6196169853,260,281
7, 23.6297469139,252,283
7, 23.6404659748,242,284
7, 23.6497960091,228,285
7, 23.6602370739,215,287
7, 23.6699409485,203,287
7, 23.6794729233,196,288
7, 23.6892960072,192,289
7, 23.6996500492,191,289
7, 23.7098240852,189,290
7, 23.718832016,188,290
7, 23.7288320065,187,292
7, 23.7388291359,186,294
7, 23.74913311,185,295
7, 23.759032011,183,297
7, 23.7698669434,182,298
7, 23.7790720463,181,299
7, 23.7899820805,180,299
7, 23.7992589474,179,299
7, 23.8391540051,178,300
7, 23.8494169712,176,300
7, 23.8691339493,174,300
7, 23.878631115,173,300
7, 23.9087059498,172,300
7, 23.9288680553,171,300
7, 23.938792944,170,301
7, 23.9489660263,168,302
7, 23.9591269493,166,304
7, 23.9680509567,165,307
7, 23.9782531261,163,309
7, 23.9881379604,162,310
7, 23.9982309341,161,311
7, 24.0081100464,160,311
7, 24.0582821369,159,311
7, 24.0781309605,158,311
7, 24.1079161167,157,311
7, 24.1479289532,156,311
7, 24.1580529213,155,311
7, 24.1877539158,154,311
7, 24.1978731155,153,311
7, 24.207777977,152,311
7, 24.2171010971,151,311
7, 24.227093935,150,311
7, 24.247189045,149,311
7, 24.2563979626,147,311
7, 24.2871899605,146,311
7, 24.2966210842,144,312
7, 24.3171219826,143,312
7, 24.3370189667,142,313
7, 24.5063259602,141,313
7, 24.516657114,140,313
7, 24.5257070065,139,313
7, 24.5564301014,138,313
7, 24.576198101,137,313
7, 24.62550807,136,313
7, 24.6349151134,135,313
7, 24.6456570625,134,313
7, 24.6556279659,132,315
7, 24.6647620201,130,317
7, 24.6755840778,127,321
7, 24.6845269203,122,326
7, 24.6929979324,117,329
7, 24.7229390144,114,332
7, 25.1630101204,116,332
7, 25.1729519367,118,331
7, 25.1824269295,119,330
7, 25.1925799847,121,330
7, 25.2027981281,122,329
7, 25.2121479511,123,328
7, 25.2228770256,124,327
7, 25.2322831154,125,327
7, 25.2423861027,126,326
7, 25.2528460026,126,325
7, 25.262237072,127,325
7, 25.2728800774,128,325
8, 26.5964949131,168,339
8, 26.6056070328,223,382
8, 26.6163790226,259,418
8, 26.6263999939,292,451
8, 26.6355330944,320,483
8, 26.6461911201,342,511
8, 26.6565859318,356,531
8, 26.6657190323,363,547
8, 26.6759960651,368,561
8, 26.6862149239,372,577
8, 26.6953880787,375,591
8, 26.7244780064,394,613
8, 26.8653559685,395,613
8, 26.8749051094,400,614
8, 26.8854570389,412,614
8, 26.8947780132,451,620
8, 26.9051830769,521,635
8, 26.9140410423,606,661
8, 26.9246361256,684,690
8, 26.9346590042,758,713
8, 26.944890976,813,730
8, 26.9540369511,846,735
8, 26.9643990993,862,737
8, 26.9728980064,870,733
8, 27.0023920536,909,739
8, 27.1442661285,910,739
8, 27.1543331146,913,739
8, 27.1633200645,917,742
8, 27.1732950211,922,748
8, 27.1843779087,927,756
8, 27.1931619644,928,760
8, 27.2036750317,929,761
8, 27.2141339779,929,762
8, 27.233672142,928,762
8, 27.2431969643,925,762
8, 27.2533140182,921,762
8, 27.2637090683,916,762
8, 27.2739009857,909,762
8, 27.2830779552,899,761
8, 27.2934770584,888,759
8, 27.3030049801,880,759
8, 27.3132920265,873,758
8, 27.32279706,868,757
8, 27.3334999084,864,756
8, 27.3430769444,860,756
8, 27.3530731201,856,756
8, 27.3626201153,852,756
8, 27.372729063,847,756
8, 27.3818879128,842,756
8, 27.3925850391,837,756
8, 27.4031820297,833,756
8, 27.411976099,832,757
8, 27.4220321178,830,758
8, 27.4309239388,825,757
8, 27.4607169628,821,757
8, 27.6017720699,818,757
8, 27.6120300293,815,755
8, 27.6221280098,809,750
8, 27.6309030056,798,743
8, 27.6422319412,787,735
8, 27.6518449783,779,728
8, 27.6617770195,771,718
8, 27.6714699268,768,711
8, 27.681317091,767,708
8, 27.6909999847,767,707
8, 27.7018280029,767,706
8, 27.8909440041,767,707
8, 27.9005100727,768,707
8, 27.9104239941,768,708
8, 27.9208500385,768,709
8, 27.9304671288,768,711
8, 27.9406180382,768,712
8, 27.9605259895,768,713
8, 27.9704289436,768,714
8, 28.0900421143,768,715
8, 28.1294879913,768,716
8, 28.2291560173,767,716
8, 28.2686879635,766,716
8, 28.2986690998,765,716
8, 28.3482599258,764,716
8, 28.3569569588,763,716
8, 28.5976910591,763,715
8, 28.6076741219,762,711
8, 28.6164550781,761,709
8, 28.6276431084,760,706
8, 28.6369640827,760,704
8, 28.6465909481,762,717
9, 28.7848620415,766,723
9, 29.0952029228,765,723
9, 29.1048409939,761,718
9, 29.1149771214,751,710
9, 29.1255090237,739,701
9, 29.1342990398,715,684
9, 29.1449820995,689,660
9, 29.1545319557,668,635
9, 29.1649551392,654,619
9, 29.1739680767,644,609
9, 29.1843750477,637,601
9, 29.1942961216,633,596
9, 29.2047650814,630,592
9, 29.2137949467,628,583
9, 29.2245910168,628,565
9, 29.2341749668,635,538
9, 29.242636919,656,486
9, 29.2724850178,655,472
9, 29.9615390301,619,433
9, 29.971419096,579,375
9, 29.9806609154,541,330
9, 29.990557909,515,304
9, 30.0005581379,501,288
9, 30.0101339817,496,279
9, 30.0208179951,495,275
9, 30.0395159721,496,275
9, 30.0686900616,501,262
9, 30.2402100563,500,262
9, 30.249997139,493,261
9, 30.2594559193,483,258
9, 30.2693910599,471,256
9, 30.2794840336,452,251
9, 30.2898659706,424,244
9, 30.2998650074,397,235
9, 30.3093080521,378,227
9, 30.3188741207,364,222
9, 30.3293371201,351,216
9, 30.3389599323,335,212
9, 30.3484070301,325,207
9, 30.3587679863,319,204
9, 30.3679311275,316,202
9, 30.3778719902,315,195
9, 30.4074299335,301,189
9, 30.5588870049,298,187
9, 30.5681610107,296,184
9, 30.5788171291,291,180
9, 30.5878779888,285,175
9, 30.5979371071,282,172
9, 30.6072831154,279,169
9, 30.6180779934,278,167
9, 30.6275289059,277,167
9, 30.767193079,277,166
9, 30.8570649624,277,165
9, 30.886824131,276,164
9, 30.8963739872,276,163
9, 30.9068329334,275,162
9, 31.0349340439,274,162
10, 31.5230309963,276,162
10, 31.5519011021,278,162
10, 32.3606119156,294,205
10, 32.3698530197,317,254
10, 32.3792610168,343,297
10, 32.3896250725,382,352
10, 32.4002130032,422,394
10, 32.4089100361,460,436
10, 32.4197371006,499,488
10, 32.4296700954,539,530
10, 32.4395060539,569,571
10, 32.448704958,594,618
10, 32.4592359066,611,654
10, 32.4683299065,623,688
10, 32.4797179699,629,718
10, 32.4881389141,629,730
10, 32.5179610252,649,761
10, 32.698884964,649,762
10, 32.7081460953,649,767
10, 32.718845129,649,773
10, 32.7274429798,649,779
10, 32.7389481068,649,786
10, 32.7478120327,647,790
10, 32.7580471039,643,794
10, 32.7677590847,637,797
10, 32.7781291008,631,799
10, 32.7876501083,627,800
10, 32.7975349426,623,801
10, 32.8079650402,620,802
10, 32.8183400631,617,803
10, 32.8273530006,613,805
10, 32.8373420238,609,806
10, 32.8475420475,606,808
10, 32.8577599525,603,810
10, 32.8773090839,603,811
10, 32.9081001282,603,812
10, 32.917454958,603,815
10, 32.9275040627,602,817
10, 32.9368710518,601,820
10, 32.9472680092,600,823
10, 32.9572169781,600,826
10, 32.9672279358,599,828
10, 32.9776721001,598,828
10, 32.986825943,598,829
10, 33.0667779446,597,829
10, 33.0769579411,595,829
10, 33.086992979,595,830
10, 33.0959620476,594,830
10, 33.1069059372,593,830
10, 33.1462180614,592,831
10, 33.2163391113,592,832
10, 33.2258450985,591,832
10, 33.2659220695,590,832
10, 33.3061339855,589,832
10, 33.316213131,589,833
10, 33.3456010818,588,833
10, 33.4051411152,587,833
10, 33.4150109291,585,833
10, 33.4256339073,585,834
10, 33.4356310368,583,834
10, 33.4449260235,582,835
10, 33.4648239613,581,835
10, 33.4744620323,580,836
10, 33.4827980995,580,838
11, 33.8816320896,580,844
11, 34.102296114,580,842
11, 34.1118130684,577,830
11, 34.1221671104,570,794
11, 34.1316249371,547,716
11, 34.1417191029,520,635
11, 34.1516470909,499,554
11, 34.1617619991,484,484
11, 34.171872139,473,440
11, 34.1819419861,469,420
11, 34.1918730736,467,415
11, 34.2003901005,466,415
11, 34.2303330898,459,388
11, 35.0477180481,460,382
11, 35.0571990013,466,368
11, 35.0670669079,470,354
11, 35.0777881145,472,338
11, 35.0879330635,472,312
11, 35.0965321064,472,292
11, 35.1076500416,472,277
11, 35.1175620556,472,269
11, 35.1274940968,472,265
11, 35.1376969814,472,264
11, 35.1574470997,472,261
11, 35.1663339138,472,253
11, 35.176831007,472,241
11, 35.1871299744,472,230
11, 35.1972279549,472,215
11, 35.2070269585,474,197
11, 35.2174329758,474,174
11, 35.2265920639,474,157
11, 35.237251997,475,144
11, 35.2474341393,475,136
11, 35.2560341358,476,129
11, 35.267054081,476,123
11, 35.2761909962,476,120
11, 35.2861869335,476,116
11, 35.2964539528,476,114
11, 35.5356850624,476,112
11, 35.5454549789,476,108
11, 35.5554721355,475,105
11, 35.5649039745,475,102
11, 35.5755190849,475,99
11, 35.5855910778,475,95
11, 35.594399929,475,94
11, 35.6042709351,475,91
11, 35.614855051,475,90
