MFLTStevenFingers,C
,2014-07-28

Target#, time, targetX, targetY, clicked, keyPressed, condition (W&D)
0,1.6767911911,475.0,97.0,0,1,24,756
1,1.67680120468,368.505093514,837.688344026,0,0,24,756
2,3.95608115196,679.362228998,157.00616459,0,0,24,756
3,6.37341427803,189.326660894,722.537357431,1,0,24,756
4,9.33894205093,818.840894244,317.973125085,0,0,24,756
5,12.0307402611,100.847494969,528.795008867,0,0,24,756
6,14.24654603,849.152505031,528.795008867,0,0,24,756
7,17.7768762112,131.159105756,317.973125085,0,0,24,756
8,20.4353880882,760.673339106,722.537357431,1,0,24,756
9,24.5954320431,270.637771002,157.00616459,0,0,24,756
10,26.8345758915,581.494906486,837.688344026,0,0,24,756
11,29.3090410233,475.0,97.0,0,0,24,756
