MFLTZhenTrackpad,C
,2014-07-28

Target#, time, targetX, targetY, clicked, keyPressed, condition (W&D)
0,1.18501901627,475.0,97.0,0,0,24,756
1,1.18502211571,368.505093514,837.688344026,0,0,24,756
2,4.08117413521,679.362228998,157.00616459,0,0,24,756
3,6.06086277962,189.326660894,722.537357431,0,0,24,756
4,8.11191701889,818.840894244,317.973125085,0,0,24,756
5,10.3525421619,100.847494969,528.795008867,0,0,24,756
6,13.0403001308,849.152505031,528.795008867,0,0,24,756
7,15.3899960518,131.159105756,317.973125085,0,0,24,756
8,17.7493319511,760.673339106,722.537357431,0,0,24,756
9,20.1968250275,270.637771002,157.00616459,0,0,24,756
10,22.2676119804,581.494906486,837.688344026,0,0,24,756
11,25.0355010033,475.0,97.0,0,0,24,756
