MFLTStevenTrackpad,A
,2014-07-28

Target#, time, targetX, targetY, clicked, keyPressed, condition (W&D)
0,1.25008106232,475.0,275.0,0,0,133,400
1,1.25008511543,418.653488632,666.898594723,0,0,133,400
2,3.49949502945,583.128163491,306.749293434,0,0,133,400
3,6.30434513092,323.850085129,605.972146789,0,0,133,400
4,9.24024295807,656.926399071,391.9169974,0,0,133,400
5,11.2926189899,277.035711624,503.462967655,0,0,133,400
6,13.7504911423,672.964288376,503.462967655,0,0,133,400
7,15.4837729931,293.073600929,391.9169974,0,0,133,400
8,17.2326750755,626.149914871,605.972146789,0,0,133,400
9,18.8971731663,366.871836509,306.749293434,0,0,133,400
10,20.7878010273,531.346511368,666.898594723,0,0,133,400
11,23.34384799,475.0,275.0,0,0,133,400
