MFLTZhenTrackpad,B
,2014-07-28
Target#, times, x, y 
0, 0.511645078659,451,461
0, 0.521296024323,453,457
0, 0.531283140182,454,450
0, 0.541141033173,456,434
0, 0.551231145859,459,410
0, 0.561521053314,460,382
0, 0.571103096008,460,348
0, 0.581195116043,455,312
0, 0.591217041016,449,288
0, 0.601246118546,440,274
0, 0.610813140869,435,266
0, 0.62082695961,428,260
0, 0.630820989609,425,258
0, 0.641070127487,422,256
0, 0.651098966599,421,255
0, 0.660664081573,420,254
0, 0.670906066895,420,252
0, 0.680917024612,420,250
0, 0.690665960312,420,247
0, 0.700817108154,420,244
0, 0.710576057434,420,241
0, 0.720436096191,422,235
0, 0.730349063873,422,230
0, 0.740564107895,423,226
0, 0.75029706955,424,223
0, 0.760415077209,425,221
0, 0.770727157593,426,218
0, 0.780128002167,428,214
0, 0.790342092514,429,209
0, 0.800471067429,432,201
0, 0.810453176498,434,194
0, 0.820115089417,436,187
0, 0.830161094666,440,181
0, 0.84014415741,442,177
0, 0.850079059601,444,174
0, 0.86009812355,445,173
0, 0.899640083313,446,173
0, 0.909203052521,448,173
0, 0.919391155243,451,173
0, 0.929301977158,454,172
0, 0.939756155014,456,172
0, 0.95930814743,456,171
0, 1.00918102264,456,170
0, 1.01866412163,456,169
0, 1.02733802795,458,169
0, 1.26787614822,459,165
0, 1.27774596214,459,161
0, 1.2875161171,460,156
0, 1.29769015312,460,149
0, 1.30790019035,461,144
0, 1.31755208969,461,140
0, 1.32731604576,462,137
0, 1.33733296394,462,136
0, 1.34740209579,462,135
0, 1.36744809151,463,135
0, 1.41725707054,464,135
0, 1.43697500229,464,134
0, 1.44694018364,465,134
0, 1.45678901672,465,131
0, 1.46665596962,465,130
0, 1.47693300247,465,128
0, 1.48689317703,465,127
0, 1.7059841156,465,126
0, 1.80526709557,465,127
0, 1.81520795822,465,128
0, 1.85626912117,465,127
0, 1.99569797516,464,127
0, 2.00562310219,464,126
0, 2.01484203339,464,124
0, 2.0254380703,464,123
0, 2.03566503525,464,120
0, 2.04456400871,464,118
0, 2.05527615547,465,117
0, 2.06528401375,466,115
0, 2.07446098328,467,114
0, 2.09512615204,467,113
0, 2.14559912682,467,112
0, 2.15458512306,469,111
0, 2.16435909271,470,111
0, 2.17452812195,470,110
0, 2.18509507179,471,109
0, 2.19397115707,471,108
0, 2.27459406853,471,109
0, 2.28435015678,471,110
0, 2.30504107475,471,108
1, 2.8204190731,471,110
1, 2.82893013954,471,108
2, 4.13968205452,471,115
2, 4.14983510971,471,129
2, 4.1596031189,471,151
2, 4.16992497444,471,195
2, 4.17937111855,480,236
2, 4.18949913979,496,266
2, 4.19994711876,509,283
2, 4.20924305916,521,293
2, 4.21970009804,533,297
2, 4.22975802422,547,298
2, 4.23846197128,563,298
2, 4.24931716919,583,295
2, 4.25891304016,600,289
2, 4.26930999756,616,283
2, 4.27886199951,638,275
2, 4.28917717934,661,270
2, 4.29841804504,681,266
2, 4.30917811394,696,263
2, 4.31802797318,708,263
2, 4.32861709595,720,263
2, 4.33839917183,730,265
2, 4.3486430645,739,268
2, 4.35852599144,742,270
2, 4.36837601662,744,273
2, 4.37832999229,744,275
2, 4.39839100838,743,276
2, 4.4088549614,742,276
2, 4.42800617218,741,276
2, 4.43767809868,740,276
2, 4.45791912079,739,276
2, 4.46788811684,737,273
2, 4.47810316086,733,269
2, 4.48828005791,726,261
2, 4.49799013138,718,250
2, 4.50743103027,711,239
2, 4.51818609238,705,229
2, 4.5272769928,700,221
2, 4.53731298447,695,215
2, 4.5479581356,691,212
2, 4.55719614029,688,211
2, 4.56783914566,684,209
2, 4.57741904259,680,209
2, 4.58803009987,676,208
2, 4.59716010094,672,206
2, 4.60727715492,668,204
2, 4.61783218384,665,202
2, 4.62731409073,662,199
2, 4.63784503937,662,197
2, 4.6470990181,661,196
2, 4.65711212158,660,194
2, 4.66779303551,660,192
2, 4.68717002869,660,191
2, 4.69682812691,660,190
2, 4.77735519409,660,189
2, 4.81644797325,660,186
2, 4.82609796524,661,185
2, 4.83674311638,663,183
2, 4.84695506096,664,180
2, 4.85700201988,666,179
2, 4.86603617668,666,178
2, 4.87662696838,666,176
2, 4.88569998741,666,175
2, 4.89647817612,666,174
2, 4.90619707108,666,173
2, 4.91628408432,666,171
2, 4.92543196678,666,170
2, 4.93616318703,666,169
2, 4.94572615623,666,168
2, 4.966173172,666,167
2, 5.01586008072,666,169
2, 5.02600097656,666,171
2, 5.03548312187,666,172
2, 5.04545617104,660,189
2, 5.84025001526,661,189
2, 5.85061907768,664,187
2, 5.8613140583,665,184
2, 5.87046217918,667,181
2, 5.88037109375,667,180
2, 5.89020705223,668,179
2, 5.90112709999,669,178
2, 5.91149616241,669,177
2, 6.02088618279,670,177
2, 6.03112816811,671,176
2, 6.040402174,673,174
2, 6.05118513107,675,173
2, 6.06030607224,676,172
2, 6.07084298134,677,172
2, 6.07974600792,677,171
3, 7.45439910889,677,172
3, 7.46445608139,677,177
3, 7.47390913963,673,189
3, 7.48425197601,661,217
3, 7.49427509308,636,260
3, 7.50327801704,603,304
3, 7.51401400566,568,361
3, 7.52349805832,533,406
3, 7.5337331295,484,453
3, 7.54311013222,445,501
3, 7.55333995819,407,544
3, 7.56379413605,375,571
3, 7.57302117348,341,595
3, 7.58358597755,320,611
3, 7.59286808968,308,623
3, 7.60260105133,296,636
3, 7.61342906952,284,644
3, 7.62348914146,269,651
3, 7.63367795944,253,655
3, 7.64281797409,245,658
3, 7.6534280777,237,660
3, 7.66371798515,231,665
3, 7.67254304886,227,670
3, 7.68310403824,221,676
3, 7.69345712662,213,681
3, 7.70282006264,202,687
3, 7.71321797371,193,694
3, 7.72322916985,184,701
3, 7.73219919205,176,706
3, 7.74321508408,169,709
3, 7.75302410126,160,713
3, 7.76259899139,148,716
3, 7.77218198776,136,717
3, 7.78240299225,128,717
3, 7.79259109497,123,717
3, 7.8027369976,120,717
3, 7.81181097031,119,717
3, 7.82275009155,119,716
3, 7.86180210114,119,715
3, 7.91200017929,119,714
3, 7.95162916183,120,714
3, 7.97162103653,121,714
3, 7.98200416565,123,714
3, 7.99153208733,128,714
3, 8.00150418282,133,714
3, 8.01132512093,140,712
3, 8.02047109604,144,712
3, 8.03069496155,148,712
3, 8.04044008255,149,712
3, 8.05130004883,151,712
3, 8.06062507629,152,712
3, 8.07052111626,153,712
3, 8.08135914803,155,713
3, 8.0908741951,155,714
3, 8.18078398705,156,714
3, 8.19130015373,160,714
3, 8.20015907288,163,714
3, 8.21049809456,165,714
3, 8.22008514404,167,714
3, 8.23084998131,168,714
3, 8.24011015892,170,714
3, 8.2503991127,171,714
3, 8.29994511604,172,714
3, 8.31021213531,173,714
3, 8.32035398483,174,714
3, 8.32928514481,177,713
3, 8.33915400505,181,712
3, 8.34981012344,185,711
3, 8.35922002792,188,711
3, 8.37014603615,190,711
3, 8.37993907928,192,711
3, 8.38885307312,193,711
3, 8.39894604683,194,711
4, 9.763682127,198,707
4, 9.77234697342,215,690
4, 9.78264307976,255,650
4, 9.79260110855,317,601
4, 9.80326104164,389,537
4, 9.81255507469,474,477
4, 9.82219219208,565,410
4, 9.83283209801,660,347
4, 9.8428940773,697,304
4, 9.85237503052,757,272
4, 9.86240100861,832,243
4, 9.87190508842,910,220
4, 10.3993060589,944,273
4, 10.4101111889,932,276
4, 10.4195981026,922,279
4, 10.430011034,915,281
4, 10.4399321079,909,282
4, 10.4493570328,902,285
4, 10.4595060349,892,286
4, 10.4694759846,883,288
4, 10.4800720215,875,290
4, 10.4895231724,869,291
4, 10.4998321533,865,293
4, 10.5092570782,863,293
4, 10.528167963,862,294
4, 10.5394361019,862,295
4, 10.5590629578,862,296
4, 10.5791521072,862,297
4, 10.5886781216,862,298
4, 10.6000499725,862,299
4, 10.6083099842,861,301
4, 10.6189031601,860,302
4, 10.6285870075,860,303
4, 10.6393270493,859,305
4, 10.6494619846,857,308
4, 10.6587359905,855,310
4, 10.6692361832,852,311
4, 10.6786150932,848,313
4, 10.689191103,843,316
4, 10.6985821724,839,317
4, 10.7089440823,836,317
4, 10.7186081409,835,317
4, 10.7286090851,834,317
4, 10.8481631279,833,317
4, 10.8577110767,832,317
4, 10.8674800396,831,317
4, 10.8773291111,830,317
4, 10.897600174,829,317
4, 10.9175941944,828,317
4, 10.9286839962,828,318
5, 12.0919671059,825,324
5, 12.1014750004,820,336
5, 12.1120870113,811,348
5, 12.1211891174,803,362
5, 12.1315820217,795,375
5, 12.1417841911,785,387
5, 12.151856184,776,398
5, 12.1619069576,757,407
5, 12.1713869572,740,413
5, 12.1813340187,715,422
5, 12.1918151379,672,428
5, 12.2014679909,630,435
5, 12.2109160423,578,439
5, 12.2203321457,520,442
5, 12.2305181026,472,444
5, 12.2435390949,407,444
5, 12.2504529953,360,444
5, 12.2604169846,309,443
5, 12.2703850269,263,438
5, 12.2803051472,235,436
5, 12.290307045,209,433
5, 12.299998045,181,431
5, 12.3095300198,163,431
5, 12.3199031353,151,430
5, 12.3293020725,145,430
5, 12.3398311138,141,430
5, 12.3507750034,139,429
5, 12.3609271049,138,429
5, 12.3905460835,139,429
5, 12.4010620117,140,429
5, 12.4105939865,142,429
5, 12.4206039906,143,429
5, 12.4303481579,144,429
5, 12.4504041672,145,429
5, 12.4804520607,145,430
5, 12.5095031261,146,430
5, 12.5204811096,146,433
5, 12.5295891762,146,436
5, 12.5403380394,147,442
5, 12.549585104,147,448
5, 12.5589671135,148,454
5, 12.5692591667,149,459
5, 12.5787920952,149,464
5, 12.5898411274,149,468
5, 12.5994100571,149,476
5, 12.6097340584,149,483
5, 12.6190869808,149,489
5, 12.6288971901,149,496
5, 12.6391050816,149,500
5, 12.649490118,146,503
5, 12.6595761776,143,505
5, 12.6694450378,141,506
5, 12.6785750389,139,507
5, 12.6895000935,135,507
5, 12.6994700432,132,507
5, 12.7087621689,130,507
5, 12.7190990448,126,508
5, 12.728935957,123,508
5, 12.7384309769,121,509
5, 12.7489230633,120,509
5, 12.7590429783,118,510
5, 12.7692949772,117,510
5, 12.7783381939,117,511
5, 12.7989721298,116,512
5, 12.8089931011,115,513
5, 12.8178219795,114,516
5, 12.8287591934,113,519
5, 12.8389439583,111,523
5, 12.8490440845,110,525
5, 12.8585021496,109,527
5, 12.8683350086,109,529
5, 12.8786289692,108,529
5, 12.9878239632,109,529
5, 13.008051157,108,529
6, 14.2820951939,110,530
6, 14.2920210361,119,528
6, 14.3011059761,142,520
6, 14.3116650581,205,505
6, 14.3217899799,279,487
6, 14.3318891525,365,474
6, 14.3411250114,465,464
6, 14.3508119583,553,456
6, 14.3604769707,568,454
6, 14.3711550236,611,454
6, 14.3805429935,686,458
6, 14.3903491497,755,463
6, 14.4011530876,824,473
6, 14.4099860191,881,485
6, 14.4209980965,925,496
6, 14.4306371212,949,505
6, 14.8776910305,942,536
6, 14.8876590729,935,535
6, 14.8980710506,929,532
6, 14.9085011482,926,530
6, 14.9185950756,922,529
6, 14.9280080795,921,529
6, 14.9388999939,920,528
6, 14.9582910538,920,527
6, 15.0676569939,920,526
6, 15.0774700642,919,526
6, 15.0874919891,916,526
6, 15.0984361172,912,526
6, 15.1079809666,909,525
6, 15.1176161766,902,525
6, 15.1279289722,895,525
6, 15.1372041702,885,525
6, 15.1468381882,873,526
6, 15.1575491428,863,528
6, 15.1677811146,854,530
6, 15.1767811775,847,532
6, 15.1877970695,841,533
6, 15.1973149776,836,535
6, 15.2064630985,832,536
6, 15.2164661884,828,536
6, 15.2265200615,826,536
6, 15.2365000248,824,536
6, 15.3659851551,825,536
6, 15.4168050289,826,537
6, 15.4370331764,824,537
7, 16.7106909752,822,537
7, 16.7200610638,817,537
7, 16.7303071022,808,537
7, 16.7405090332,796,535
7, 16.7498161793,779,531
7, 16.7602851391,743,521
7, 16.7699270248,692,508
7, 16.7803599834,622,492
7, 16.790459156,552,477
7, 16.7998971939,471,459
7, 16.8101520538,387,433
7, 16.8190460205,304,396
7, 16.8299500942,289,372
7, 16.8403890133,240,346
7, 16.8496539593,184,322
7, 16.8602070808,119,294
7, 16.8687961102,70,271
7, 16.8794531822,37,254
7, 16.8896460533,21,247
7, 16.8993401527,11,243
7, 16.9098861217,7,243
7, 16.9398059845,9,243
7, 16.9483780861,12,243
7, 16.9596400261,17,244
7, 16.9676601887,25,244
7, 16.9977099895,30,244
7, 17.1783511639,33,246
7, 17.1886570454,40,251
7, 17.1975381374,49,260
7, 17.208324194,60,270
7, 17.2178809643,71,279
7, 17.2276201248,84,289
7, 17.237404108,98,299
7, 17.2480540276,115,305
7, 17.2574670315,127,311
7, 17.2680990696,138,315
7, 17.2774829865,144,319
7, 17.2874341011,146,320
7, 17.2979161739,148,321
7, 17.3074159622,149,321
7, 17.3177580833,150,321
7, 17.3271460533,151,321
7, 17.3377220631,154,321
7, 17.3468060493,159,321
7, 17.3574540615,163,322
7, 17.3674461842,168,324
7, 17.3774850368,174,326
7, 17.386922121,178,328
7, 17.3966720104,181,331
7, 17.4069969654,183,334
7, 17.4174380302,184,334
7, 17.4263579845,185,336
7, 17.4475970268,185,337
7, 17.5161449909,183,337
7, 17.5269811153,181,336
7, 17.5368430614,179,336
7, 17.5463809967,176,335
7, 17.5559899807,172,334
7, 17.5662920475,167,333
7, 17.5766301155,161,331
7, 17.585750103,157,329
7, 17.5967381001,153,329
7, 17.6059410572,151,328
7, 17.6164321899,148,328
7, 17.6260900497,146,328
7, 17.6357181072,144,328
7, 17.6460211277,142,328
7, 17.6554710865,141,328
7, 17.745937109,142,328
7, 17.7656011581,143,328
7, 17.7845401764,141,328
8, 19.0102541447,141,330
8, 19.0197911263,141,332
8, 19.0300991535,142,332
8, 19.0393481255,143,332
8, 19.0493731499,147,332
8, 19.0590150356,156,332
8, 19.0690200329,179,334
8, 19.0794730186,208,337
8, 19.0895311832,257,342
8, 19.0995361805,311,356
8, 19.1085681915,354,378
8, 19.1192011833,407,410
8, 19.129319191,454,438
8, 19.1393830776,491,462
8, 19.1483261585,532,489
8, 19.1587181091,570,521
8, 19.1684679985,599,548
8, 19.1783590317,628,572
8, 19.1889810562,655,590
8, 19.1986401081,673,605
8, 19.2078070641,686,613
8, 19.2185339928,692,622
8, 19.2287390232,697,628
8, 19.2376401424,700,632
8, 19.2487201691,701,634
8, 19.2582781315,703,637
8, 19.2687411308,704,639
8, 19.2785620689,705,640
8, 19.2885639668,705,642
8, 19.2973661423,706,642
8, 19.3080730438,706,643
8, 19.316311121,706,641
8, 19.4972960949,706,643
8, 19.507515192,707,650
8, 19.516669035,713,660
8, 19.527575016,719,671
8, 19.5370080471,733,686
8, 19.5472669601,751,701
8, 19.5576550961,763,712
8, 19.5665080547,774,723
8, 19.5759780407,782,732
8, 19.586714983,790,738
8, 19.5970211029,796,743
8, 19.6066610813,799,746
8, 19.6162741184,803,749
8, 19.6265611649,807,751
8, 19.6367511749,810,752
8, 19.6468119621,814,754
8, 19.6569261551,816,755
8, 19.6660571098,817,755
8, 19.7664091587,816,755
8, 19.7762830257,815,755
8, 19.7960259914,814,755
8, 19.8060920238,811,755
8, 19.8162031174,808,755
8, 19.8255090714,806,754
8, 19.8359119892,803,753
8, 19.8462231159,800,752
8, 19.8557720184,797,751
8, 19.8656871319,795,750
8, 19.8754680157,793,749
8, 19.8860399723,791,748
8, 19.9655880928,791,747
8, 20.0053560734,791,746
8, 20.0252549648,789,746
8, 20.0346720219,787,745
8, 20.0449230671,785,744
8, 20.0549581051,782,742
8, 20.0639221668,780,742
8, 20.0746450424,777,740
8, 20.0846590996,776,738
8, 20.0947301388,774,737
8, 20.1042101383,773,735
8, 20.1242461205,772,735
8, 20.1546890736,772,734
8, 20.1630921364,771,733
8, 20.1742069721,770,733
8, 20.1842141151,768,732
8, 20.1937451363,767,731
8, 20.2037081718,766,730
8, 20.2138490677,764,730
8, 20.2246701717,764,729
9, 21.4482581615,759,729
9, 21.4583339691,752,733
9, 21.4683961868,743,736
9, 21.478317976,734,739
9, 21.4880180359,722,741
9, 21.4981150627,709,741
9, 21.5082199574,692,736
9, 21.5175111294,667,715
9, 21.528083086,638,680
9, 21.5383350849,595,622
9, 21.548181057,545,544
9, 21.5581879616,492,447
9, 21.5672740936,434,353
9, 21.5779600143,384,254
9, 21.5879039764,345,180
9, 21.597548008,312,121
9, 21.6080031395,283,67
9, 21.6172740459,265,37
9, 21.6272320747,258,22
9, 21.6370201111,256,16
9, 21.6470191479,256,14
9, 21.6575741768,256,12
9, 21.677106142,257,12
9, 21.6871891022,259,13
9, 21.6971240044,261,16
9, 21.7071211338,263,18
9, 21.7152850628,266,23
9, 21.7450931072,269,25
9, 21.9162490368,269,29
9, 21.9259800911,270,36
9, 21.9350960255,270,44
9, 21.9455201626,270,56
9, 21.955835104,272,72
9, 21.9657721519,273,93
9, 21.9759399891,275,111
9, 21.9859790802,276,126
9, 21.9957230091,279,140
9, 22.0047221184,279,148
9, 22.0154931545,280,154
9, 22.0255920887,281,156
9, 22.0460231304,281,157
9, 22.0554020405,281,158
9, 22.0655109882,282,160
9, 22.0756440163,282,163
9, 22.0849230289,283,165
9, 22.0956301689,284,167
9, 22.1054360867,285,170
9, 22.1155641079,287,171
9, 22.1243991852,287,173
9, 22.1353681087,288,173
9, 22.1450510025,289,174
9, 22.2643711567,288,174
9, 22.2738001347,288,173
9, 22.2840440273,287,172
9, 22.294200182,286,172
9, 22.3048169613,285,171
9, 22.3139901161,284,170
9, 22.3243119717,282,169
9, 22.3347630501,282,168
9, 22.3439280987,281,167
9, 22.3540360928,279,166
10, 23.7379920483,279,167
10, 23.7480540276,279,171
10, 23.7571470737,281,180
10, 23.7677080631,286,189
10, 23.7762429714,295,203
10, 23.7863750458,312,229
10, 23.796020031,337,269
10, 23.8064520359,354,305
10, 23.8163011074,371,341
10, 23.8262071609,386,385
10, 23.8359150887,402,427
10, 23.8465151787,419,469
10, 23.8560039997,434,511
10, 23.8664700985,451,546
10, 23.8760080338,463,578
10, 23.8863179684,472,602
10, 23.8961241245,476,619
10, 23.9054701328,482,635
10, 23.9158661366,484,645
10, 23.9258229733,485,652
10, 23.9352240562,487,657
10, 23.9457261562,489,662
10, 23.9552400112,490,667
10, 23.965514183,491,672
10, 23.975605011,493,677
10, 23.9863929749,495,679
10, 23.9959700108,498,683
10, 24.0063171387,501,685
10, 24.0158801079,503,687
10, 24.0242130756,504,686
10, 24.2347810268,504,689
10, 24.2446861267,504,698
10, 24.2542390823,504,708
10, 24.2644460201,504,720
10, 24.2744150162,506,735
10, 24.2844891548,513,755
10, 24.2939929962,524,772
10, 24.30392313,540,788
10, 24.3135809898,555,800
10, 24.3237781525,568,811
10, 24.3338279724,578,821
10, 24.3447980881,588,833
10, 24.3534109592,597,847
10, 24.3635079861,605,858
10, 24.3734240532,613,867
10, 24.3836929798,618,876
10, 24.3935520649,621,882
10, 24.4042711258,625,887
10, 24.4142401218,625,888
10, 24.4841179848,624,888
10, 24.5239510536,623,887
10, 24.5639381409,622,887
10, 24.573816061,622,886
10, 24.58416605,621,886
10, 24.593747139,620,886
10, 24.603864193,617,884
10, 24.6137690544,614,882
10, 24.6236140728,613,880
10, 24.6333510876,610,879
10, 24.6433260441,608,877
10, 24.6532001495,606,877
10, 24.6628291607,605,876
10, 24.6734161377,604,874
10, 24.6834430695,602,873
10, 24.6932191849,600,870
10, 24.7026660442,599,867
10, 24.7127790451,597,864
10, 24.7220180035,596,860
10, 24.7334740162,595,857
10, 24.7431490421,594,855
10, 24.7522549629,593,854
11, 26.1569399834,592,854
11, 26.1654951572,591,856
11, 26.1857321262,590,856
11, 26.1958150864,589,856
11, 26.2060651779,589,853
11, 26.2160971165,588,841
11, 26.2263560295,584,810
11, 26.235311985,580,742
11, 26.2464570999,569,646
11, 26.2556619644,558,543
11, 26.2656610012,542,430
11, 26.2758421898,530,377
11, 26.2859280109,518,317
11, 26.2960469723,508,237
11, 26.3060979843,500,165
11, 26.3150961399,496,113
11, 26.3251290321,494,75
11, 26.3347351551,494,51
11, 26.3458759785,494,36
11, 26.355451107,494,29
11, 26.3645460606,494,27
11, 26.405205965,494,30
11, 26.4152300358,494,31
11, 26.4251611233,495,34
11, 26.4344210625,495,37
11, 26.4455080032,495,38
11, 26.4549341202,495,40
11, 26.4644610882,496,42
11, 26.4752101898,498,43
11, 26.4845831394,499,45
11, 26.4930520058,501,48
11, 26.5233111382,503,51
11, 26.6743810177,503,52
11, 26.684538126,500,54
11, 26.6946179867,497,60
11, 26.7034990788,494,67
11, 26.7139861584,491,76
11, 26.7242000103,487,85
11, 26.7336051464,484,92
11, 26.7438690662,482,95
11, 26.7535440922,482,96
11, 26.763365984,482,97
11, 26.9626421928,482,98
11, 27.0028259754,482,99
11, 27.0238001347,482,97
