Ste,A
,2014-07-29

Target#, time, targetX, targetY, clicked, keyPressed, condition (W&D)
0,2.99758720398,350.0,150.0,0,0,133,400
1,2.99758982658,293.653488632,541.898594723,0,0,133,400
2,4.55210614204,458.128163491,181.749293434,0,0,133,400
3,5.16856193542,198.850085129,480.972146789,0,0,133,400
4,5.71255612373,531.926399071,266.9169974,0,0,133,400
5,6.21661925316,152.035711624,378.462967655,0,0,133,400
6,6.77670717239,547.964288376,378.462967655,0,0,133,400
7,7.33697915077,168.073600929,266.9169974,0,0,133,400
8,7.85603785515,501.149914871,480.972146789,0,0,133,400
9,8.44786882401,241.871836509,181.749293434,1,0,133,400
10,9.30455327034,406.346511368,541.898594723,0,0,133,400
11,9.82417917252,350.0,150.0,0,1,133,400
