MFLTZhenMouse,A
,2014-07-28
Target#, times, x, y 
0, 0.126013040543,533,436
0, 0.133599996567,539,438
0, 0.142225980759,545,439
0, 0.149919033051,551,442
0, 0.158456087112,555,443
0, 0.166089057922,557,444
0, 0.213901042938,557,445
0, 0.223949193954,557,446
0, 0.231731176376,556,447
0, 0.240292072296,553,448
0, 0.248916149139,550,450
0, 0.257776021957,547,452
0, 0.266103982925,545,453
0, 0.274276018143,541,457
0, 0.282533168793,538,459
0, 0.290507078171,534,461
0, 0.298662185669,532,464
0, 0.306940078735,530,465
0, 0.341641187668,529,461
0, 0.349255084991,529,453
0, 0.357632160187,527,440
0, 0.366183042526,527,427
0, 0.373949050903,527,414
0, 0.384136199951,526,403
0, 0.392193078995,526,394
0, 0.400243997574,524,387
0, 0.408694982529,523,379
0, 0.421959161758,523,365
0, 0.437965154648,521,355
0, 0.445419073105,519,352
0, 0.454162120819,518,348
0, 0.461253166199,518,346
0, 0.469456195831,516,343
0, 0.478515148163,515,339
0, 0.487564086914,514,336
0, 0.494930028915,513,334
0, 0.503120183945,511,331
0, 0.511482000351,509,327
0, 0.51975607872,507,324
0, 0.527964115143,505,320
0, 0.536285161972,504,317
0, 0.544185161591,502,314
0, 0.552470207214,499,310
0, 0.561554193497,497,307
0, 0.569807052612,493,302
0, 0.578345060349,491,299
0, 0.58634018898,489,295
0, 0.594737052917,487,293
0, 0.602891206741,484,290
0, 0.611774206161,482,286
0, 0.621216058731,480,283
0, 0.628785133362,475,277
0, 0.636810064316,473,274
0, 0.645750045776,472,273
0, 0.653755187988,471,271
0, 0.66117811203,470,270
0, 0.669800043106,470,269
1, 2.2457921505,476,277
1, 2.25303316116,485,292
1, 2.26987910271,500,358
1, 2.27798104286,504,393
1, 2.28577613831,504,426
1, 2.29355502129,504,452
1, 2.30194616318,504,476
1, 2.31030416489,504,495
1, 2.31834816933,504,511
1, 2.32677912712,504,524
1, 2.33492016792,503,539
1, 2.3442401886,501,558
1, 2.35254812241,499,571
1, 2.36068820953,499,587
1, 2.36882805824,499,597
1, 2.37688112259,499,610
1, 2.38508009911,499,621
1, 2.3931491375,498,631
1, 2.40128707886,498,640
1, 2.41060304642,497,648
1, 2.41874408722,494,656
1, 2.42706799507,493,661
1, 2.43751001358,489,669
1, 2.44535398483,487,672
1, 2.45305204391,485,676
1, 2.4612801075,482,678
1, 2.47050213814,481,680
1, 2.47833704948,480,682
1, 2.48737406731,478,684
1, 2.4949669838,476,687
1, 2.50351810455,475,689
1, 2.51135802269,474,690
1, 2.5195851326,473,691
1, 2.5275850296,472,691
1, 2.53586697578,471,691
1, 2.54405808449,470,692
1, 2.55740618706,469,692
2, 3.92583012581,471,688
2, 3.93399715424,477,679
2, 3.94208097458,483,670
2, 3.95019602776,487,654
2, 3.95912003517,497,632
2, 3.96831607819,517,610
2, 3.97634720802,540,585
2, 3.98474502563,564,558
2, 3.99295711517,589,532
2, 4.0012819767,609,505
2, 4.00930714607,628,477
2, 4.01771807671,644,450
2, 4.0258500576,660,426
2, 4.03380703926,672,406
2, 4.04225206375,679,393
2, 4.05031514168,683,385
2, 4.05860209465,685,383
2, 4.06703615189,686,379
2, 4.07512116432,687,378
2, 4.08322501183,688,376
2, 4.09133720398,688,375
2, 4.09968018532,690,373
2, 4.10813117027,691,371
2, 4.11707997322,693,367
2, 4.1245880127,694,366
2, 4.1334540844,696,362
2, 4.14101219177,696,361
2, 4.14882898331,697,360
2, 4.15730619431,697,359
2, 4.16517615318,697,356
2, 4.17316317558,697,354
2, 4.18952202797,697,347
2, 4.19733405113,697,343
2, 4.20508503914,695,337
2, 4.21303009987,694,332
2, 4.2293150425,691,327
2, 4.23799920082,690,325
2, 4.24483704567,686,324
2, 4.25304102898,684,323
2, 4.26161909103,681,323
2, 4.27075505257,676,323
2, 4.27848100662,670,323
2, 4.29351711273,651,323
2, 4.30929303169,630,323
2, 4.31809306145,622,323
2, 4.32554507256,614,323
2, 4.33383107185,607,323
2, 4.34127497673,603,323
2, 4.34986710548,599,323
2, 4.35850214958,596,323
2, 4.36660218239,594,322
2, 4.37491297722,592,322
2, 4.38330602646,589,321
2, 4.39127397537,588,320
2, 4.39930915833,586,320
2, 4.41352701187,585,320
3, 4.47772812843,585,319
3, 5.68370008469,582,319
3, 5.69178318977,575,319
3, 5.69899702072,565,324
3, 5.70709514618,556,330
3, 5.72350215912,541,339
3, 5.7307741642,535,346
3, 5.73963904381,530,353
3, 5.74709320068,523,366
3, 5.76316618919,513,392
3, 5.77138614655,506,408
3, 5.77924919128,500,421
3, 5.78790616989,495,431
3, 5.79515719414,490,438
3, 5.80420899391,484,445
3, 5.81284713745,482,449
3, 5.82119297981,479,452
3, 5.82915019989,476,454
3, 5.83757019043,474,457
3, 5.84506511688,471,459
3, 5.85405015945,467,462
3, 5.86270308495,462,467
3, 5.87084913254,455,473
3, 5.87882113457,448,480
3, 5.89138698578,426,502
3, 5.89984416962,412,513
3, 5.90745615959,400,523
3, 5.91528701782,386,534
3, 5.92315006256,374,542
3, 5.93931508064,355,556
3, 5.94723820686,346,560
3, 5.95541501045,340,561
3, 5.96332716942,335,563
3, 5.98007917404,329,564
3, 5.98756599426,326,567
3, 5.99616909027,325,567
3, 6.00360107422,323,568
3, 6.0190911293,320,571
3, 6.02789115906,319,572
3, 6.03595805168,317,574
3, 6.04396820068,315,577
3, 6.05203509331,314,579
3, 6.06005716324,313,580
3, 6.0683221817,312,581
4, 7.28146409988,312,582
4, 7.28948616982,312,586
4, 7.29719018936,326,593
4, 7.30634212494,342,599
4, 7.31445002556,364,605
4, 7.32925415039,408,615
4, 7.33750915527,424,616
4, 7.34566116333,430,619
4, 7.35418820381,432,620
4, 7.36135697365,433,620
4, 7.43367910385,437,620
4, 7.44198203087,452,623
4, 7.44976711273,476,625
4, 7.45741915703,505,627
4, 7.46516418457,533,629
4, 7.47454619408,562,629
4, 7.48230910301,588,629
4, 7.49069905281,610,626
4, 7.50605511665,639,618
4, 7.52209305763,656,614
4, 7.529266119,664,610
4, 7.53737998009,670,608
4, 7.54552197456,679,602
4, 7.56155705452,699,590
4, 7.57023000717,706,582
4, 7.57751512527,713,577
4, 7.58561611176,719,570
4, 7.60195016861,729,560
4, 7.60951209068,731,553
4, 7.61771512032,735,548
4, 7.62544798851,736,544
4, 7.6353161335,737,537
4, 7.6436560154,739,531
4, 7.65243721008,739,525
4, 7.65984320641,739,517
4, 7.66866397858,739,510
4, 7.67632198334,739,502
4, 7.68572211266,739,496
4, 7.69342398643,738,491
4, 7.70275306702,737,486
4, 7.71083498001,737,483
4, 7.71918416023,736,478
4, 7.7275249958,734,475
4, 7.73688220978,732,472
4, 7.74514198303,726,467
4, 7.75297212601,722,464
4, 7.76199007034,720,460
4, 7.77719712257,716,455
4, 7.78593420982,713,451
4, 7.7939581871,711,449
4, 7.80207419395,709,447
4, 7.8174571991,704,442
4, 7.82554006577,702,440
4, 7.83371210098,699,439
4, 7.8414080143,697,435
4, 7.85764098167,691,431
4, 7.86543917656,689,429
4, 7.87329602242,688,427
4, 7.88103318214,685,425
4, 7.88992619514,685,424
5, 9.20788216591,682,424
5, 9.21559119225,676,424
5, 9.22366905212,668,424
5, 9.23246502876,663,424
5, 9.2399020195,661,424
5, 9.248016119,660,424
5, 9.25606012344,658,424
5, 9.26426100731,654,424
5, 9.27237319946,648,424
5, 9.28059720993,640,424
5, 9.28876209259,629,424
5, 9.29711103439,616,424
5, 9.30616402626,598,437
5, 9.31442904472,581,449
5, 9.32257199287,564,460
5, 9.33124804497,544,472
5, 9.33934211731,529,479
5, 9.34741997719,513,484
5, 9.35653209686,497,488
5, 9.36485505104,484,489
5, 9.3739361763,468,491
5, 9.38184213638,453,491
5, 9.39122819901,429,491
5, 9.39965820312,421,491
5, 9.40742611885,413,491
5, 9.41535210609,404,491
5, 9.42362117767,398,491
5, 9.43157911301,390,491
5, 9.4399471283,382,491
5, 9.44767403603,373,491
5, 9.45619916916,367,491
5, 9.46388220787,359,491
5, 9.47257900238,353,491
5, 9.48111820221,348,491
5, 9.48950314522,342,491
5, 9.49750614166,335,491
5, 9.51151299477,321,491
5, 9.51937603951,310,491
5, 9.52719497681,302,491
5, 9.53533506393,296,491
5, 9.54292106628,288,491
5, 9.5512239933,283,490
5, 9.55932211876,280,488
5, 9.56903219223,279,487
5, 9.57640600204,278,487
6, 10.8379809856,281,487
6, 10.8455190659,290,491
6, 10.8533082008,299,497
6, 10.8617241383,309,503
6, 10.8691911697,318,509
6, 10.8860661983,331,515
6, 10.9012210369,339,517
6, 10.9100999832,340,517
6, 10.9257111549,341,517
6, 11.0215790272,346,517
6, 11.0300610065,356,517
6, 11.0373911858,372,517
6, 11.0450460911,385,517
6, 11.0536901951,398,521
6, 11.0616600513,409,522
6, 11.0696771145,415,525
6, 11.0780479908,423,527
6, 11.0860581398,431,530
6, 11.0943260193,440,533
6, 11.1024241447,450,537
6, 11.1107289791,461,540
6, 11.1187632084,474,544
6, 11.1267960072,484,547
6, 11.1350841522,497,548
6, 11.1435141563,508,550
6, 11.1519050598,514,551
6, 11.1610350609,520,551
6, 11.1690890789,526,552
6, 11.1774420738,531,552
6, 11.1855380535,535,552
6, 11.1935930252,538,552
6, 11.2018761635,541,552
6, 11.2104260921,545,552
6, 11.218599081,549,551
6, 11.2266070843,553,550
6, 11.2352390289,559,549
6, 11.2429070473,564,547
6, 11.2513651848,569,546
6, 11.2589981556,573,545
6, 11.2681171894,577,544
6, 11.2758390903,581,543
6, 11.2840900421,585,542
6, 11.2920591831,588,540
6, 11.3001720905,592,539
6, 11.3092041016,598,537
6, 11.3174021244,600,536
6, 11.3259110451,603,535
6, 11.3331160545,605,534
6, 11.341340065,607,533
6, 11.3509089947,608,531
6, 11.3584930897,610,528
6, 11.3667550087,614,525
6, 11.3747689724,619,520
6, 11.3827931881,622,516
6, 11.3911271095,627,513
6, 11.3993730545,634,509
6, 11.407348156,639,505
6, 11.4220759869,647,499
6, 11.4374301434,654,494
6, 11.4451110363,656,492
6, 11.4532341957,658,491
6, 11.461160183,658,490
6, 11.4694871902,659,490
7, 12.85582304,659,488
7, 12.8642120361,657,484
7, 12.8713359833,652,482
7, 12.8798830509,646,479
7, 12.8878560066,637,478
7, 12.8964090347,631,477
7, 12.9041731358,621,474
7, 12.9123470783,608,471
7, 12.9204361439,597,469
7, 12.928771019,584,466
7, 12.9376890659,574,464
7, 12.9458880424,558,461
7, 12.9552521706,547,458
7, 12.963312149,529,456
7, 12.9715251923,513,452
7, 12.9798910618,497,447
7, 12.9878940582,478,443
7, 12.9959101677,460,438
7, 13.004016161,441,434
7, 13.0124871731,419,426
7, 13.0213201046,403,421
7, 13.0297641754,390,416
7, 13.0376281738,380,411
7, 13.0459070206,373,409
7, 13.0541801453,369,408
7, 13.0629680157,361,404
7, 13.0712862015,358,403
7, 13.0792531967,356,402
7, 13.0876870155,353,401
7, 13.0962011814,351,399
7, 13.1047401428,347,399
7, 13.1124529839,345,398
7, 13.1206731796,344,397
7, 13.1290171146,342,394
7, 13.1369431019,341,394
7, 13.1449689865,340,393
7, 13.153922081,338,392
7, 13.1625750065,336,391
7, 13.1704211235,334,390
7, 13.1786210537,330,389
7, 13.1868031025,327,387
7, 13.1950981617,323,386
7, 13.2032790184,320,384
7, 13.2115709782,319,383
7, 13.2197999954,318,383
7, 13.2316040993,317,382
8, 14.4879829884,325,395
8, 14.4950780869,339,419
8, 14.5043361187,357,452
8, 14.5133481026,378,485
8, 14.52146101,399,518
8, 14.5295829773,417,546
8, 14.537733078,437,571
8, 14.5461421013,458,593
8, 14.5597031116,480,622
8, 14.5680999756,487,630
8, 14.5753309727,489,631
8, 14.5846581459,490,632
8, 14.6316950321,491,633
8, 14.6404690742,491,634
8, 14.655739069,492,635
8, 14.6633460522,496,643
8, 14.6714510918,500,649
8, 14.680270195,508,658
8, 14.687734127,513,665
8, 14.6964960098,519,672
8, 14.7042341232,524,679
8, 14.7124650478,529,684
8, 14.720318079,533,687
8, 14.7284471989,538,691
8, 14.7366671562,541,695
8, 14.7449140549,545,696
8, 14.7533800602,549,698
8, 14.7612791061,553,698
8, 14.7694051266,556,698
8, 14.7774701118,560,698
8, 14.786123991,563,698
8, 14.7941291332,566,696
8, 14.8026139736,571,692
8, 14.8105630875,578,686
8, 14.8189330101,585,681
8, 14.8273251057,592,675
8, 14.8353312016,597,670
8, 14.8432471752,602,665
8, 14.8514180183,606,660
8, 14.8600640297,610,655
8, 14.8682641983,612,652
8, 14.8762471676,613,650
8, 14.8845160007,614,648
8, 14.8926479816,614,647
8, 14.9008882046,615,646
8, 14.9089159966,615,645
8, 14.9172580242,615,644
8, 14.9253180027,615,642
8, 14.9350411892,615,639
8, 14.943198204,615,638
8, 14.9512350559,615,637
8, 14.9592931271,615,634
8, 14.9677071571,615,632
8, 14.9764750004,615,629
8, 14.9846332073,615,626
8, 14.9927411079,615,621
8, 15.0007801056,615,617
8, 15.0088560581,615,615
8, 15.0170180798,615,614
9, 16.2816259861,613,614
9, 16.2894351482,606,614
9, 16.3050460815,583,621
9, 16.3140330315,570,624
9, 16.321201086,551,628
9, 16.3296310902,535,630
9, 16.3374731541,520,633
9, 16.3464930058,513,633
9, 16.3537840843,510,629
9, 16.362101078,508,623
9, 16.3700830936,505,610
9, 16.3784689903,505,591
9, 16.3867900372,503,567
9, 16.3951201439,501,541
9, 16.4031500816,497,515
9, 16.4112050533,491,489
9, 16.4192559719,483,462
9, 16.427544117,471,434
9, 16.4359240532,459,406
9, 16.4437301159,442,375
9, 16.4520471096,424,348
9, 16.4600660801,401,320
9, 16.4683961868,383,293
9, 16.4766020775,363,269
9, 16.4846551418,345,251
9, 16.4925711155,332,238
9, 16.5012471676,325,231
9, 16.5093650818,320,226
9, 16.5177600384,318,224
9, 16.5254621506,315,223
9, 16.5337171555,315,222
9, 16.5936181545,315,221
9, 16.6017081738,315,218
9, 16.6102750301,314,217
9, 16.6187310219,314,215
9, 16.6269161701,313,214
9, 16.6350090504,312,213
9, 16.6439781189,310,212
9, 16.6523079872,308,211
9, 16.6606190205,307,210
9, 16.6688270569,307,209
9, 16.761687994,309,213
9, 16.7694320679,312,218
9, 16.7787880898,316,223
9, 16.7865550518,320,227
9, 16.7946810722,322,231
9, 16.8031749725,324,235
9, 16.8113260269,328,238
9, 16.8193831444,330,243
9, 16.8274409771,332,246
9, 16.8356080055,336,250
9, 16.8437650204,338,253
9, 16.851927042,341,257
9, 16.8604199886,343,259
9, 16.8686850071,344,262
9, 16.8778541088,345,264
9, 16.8860070705,347,267
9, 16.8941090107,348,270
9, 16.9023451805,349,273
9, 16.910449028,351,277
9, 16.9186551571,352,280
9, 16.9269170761,353,284
9, 16.9350650311,355,287
9, 16.9432370663,356,290
9, 16.9515411854,357,292
9, 16.9596290588,358,295
9, 16.9677159786,358,296
10, 17.153660059,359,293
10, 17.1623420715,360,292
10, 17.1689920425,360,291
10, 18.1937999725,365,291
10, 18.2016570568,376,304
10, 18.2099630833,392,329
10, 18.2173371315,410,359
10, 18.2260890007,433,392
10, 18.2334079742,456,426
10, 18.2422170639,480,452
10, 18.2497141361,503,477
10, 18.2656290531,541,519
10, 18.2736651897,550,535
10, 18.281386137,553,546
10, 18.2892041206,554,554
10, 18.2975599766,554,557
10, 18.3066630363,554,563
10, 18.3145589828,553,568
10, 18.3228499889,549,573
10, 18.3309891224,548,577
10, 18.3391740322,547,578
10, 18.3472781181,546,580
10, 18.3554840088,546,581
10, 18.3636350632,546,582
10, 18.3719851971,546,584
10, 18.3811480999,547,587
10, 18.3894991875,551,592
10, 18.3978760242,556,597
10, 18.4065260887,562,606
10, 18.4155831337,570,615
10, 18.4231081009,576,628
10, 18.4317550659,587,640
10, 18.439825058,597,654
10, 18.4480350018,608,668
10, 18.456058979,620,681
10, 18.4653491974,636,703
10, 18.4743540287,642,712
10, 18.4830880165,646,721
10, 18.4902851582,647,727
10, 18.4994599819,649,732
10, 18.5066452026,649,735
10, 18.5155789852,649,738
10, 18.5319731236,649,743
10, 18.5403521061,649,744
10, 18.5494801998,649,745
10, 18.5776090622,648,745
10, 18.5881180763,647,745
10, 18.59506917,645,745
10, 18.6039860249,642,745
10, 18.6122841835,641,745
10, 18.6204431057,639,745
10, 18.6285691261,638,745
10, 18.6367661953,635,743
10, 18.6451890469,633,741
10, 18.6541941166,630,740
10, 18.6621220112,626,738
10, 18.6705861092,622,737
10, 18.6786010265,617,733
10, 18.6866340637,613,731
10, 18.6951360703,609,729
10, 18.7034180164,605,726
10, 18.7116551399,603,722
10, 18.7197301388,601,720
10, 18.7278110981,600,717
10, 18.7361140251,597,714
10, 18.7439141273,595,710
10, 18.752158165,594,707
10, 18.7611451149,591,702
10, 18.7776231766,588,699
10, 18.7857921124,587,697
10, 18.7937231064,586,696
10, 18.8028371334,585,694
10, 18.810115099,584,692
10, 18.8196191788,582,690
10, 18.8273019791,581,688
10, 18.8353281021,580,687
10, 18.8435230255,579,686
10, 18.8521471024,579,685
10, 18.8680779934,577,683
10, 18.8753480911,576,682
10, 18.8839821815,576,681
11, 20.3479561806,571,680
11, 20.3560380936,568,678
11, 20.3639240265,565,675
11, 20.3720550537,562,672
11, 20.3800251484,561,670
11, 20.3884141445,560,668
11, 20.396515131,559,664
11, 20.4049739838,558,660
11, 20.4130320549,557,655
11, 20.4213581085,554,650
11, 20.4293251038,552,645
11, 20.437620163,548,639
11, 20.4458661079,544,629
11, 20.454128027,540,620
11, 20.4619851112,535,610
11, 20.4702219963,532,602
11, 20.4782891273,530,593
11, 20.4866201878,528,585
11, 20.4951190948,524,577
11, 20.5039310455,521,566
11, 20.5122880936,518,558
11, 20.5203251839,514,548
11, 20.5285689831,511,537
11, 20.5365540981,508,527
11, 20.5445761681,503,516
11, 20.5552930832,501,500
11, 20.5712471008,496,483
11, 20.5791540146,495,473
11, 20.5874099731,493,462
11, 20.595110178,490,452
11, 20.6036901474,489,439
11, 20.6120500565,486,426
11, 20.6197659969,482,413
11, 20.6283910275,479,402
11, 20.6360750198,476,389
11, 20.6450741291,475,381
11, 20.6533780098,473,370
11, 20.662345171,472,362
11, 20.6707119942,470,354
11, 20.6787121296,469,346
11, 20.6915650368,468,329
11, 20.6994030476,466,321
11, 20.7077510357,466,313
11, 20.7158970833,465,304
11, 20.7232069969,464,298
11, 20.7319381237,462,292
11, 20.7397789955,462,286
11, 20.7481579781,461,282
11, 20.7563891411,461,279
11, 20.773676157,461,272
11, 20.781206131,461,268
11, 20.7891540527,461,266
11, 20.7973690033,461,263
11, 20.8054881096,461,261
11, 20.8137140274,461,259
11, 20.8220551014,461,258
11, 20.835640192,461,257
