MFLTZhenTrackpad,A
,2014-07-28

Target#, time, targetX, targetY, clicked, keyPressed, condition (W&D)
0,2.29931783676,475.0,275.0,0,0,133,400
1,2.29932188988,418.653488632,666.898594723,0,0,133,400
2,4.32182502747,583.128163491,306.749293434,0,0,133,400
3,7.93647885323,323.850085129,605.972146789,1,0,133,400
4,11.7483878136,656.926399071,391.9169974,0,0,133,400
5,13.7491130829,277.035711624,503.462967655,0,0,133,400
6,16.4124450684,672.964288376,503.462967655,0,0,133,400
7,18.9176869392,293.073600929,391.9169974,0,0,133,400
8,20.9186248779,626.149914871,605.972146789,0,0,133,400
9,23.1250040531,366.871836509,306.749293434,0,0,133,400
10,26.4902739525,531.346511368,666.898594723,0,0,133,400
11,29.197881937,475.0,275.0,0,0,133,400
