MFLTZhenMouse,B
,2014-07-28
Target#, times, x, y 
0, 0.310924053192,455,214
0, 0.31915807724,453,198
0, 0.334944963455,450,172
0, 0.34256696701,448,164
0, 0.35022187233,447,155
0, 0.358381986618,447,149
0, 0.366666078568,446,144
0, 0.375498056412,446,140
0, 0.383516073227,446,136
0, 0.391845941544,446,133
0, 0.40637087822,446,125
0, 0.414427995682,445,123
0, 0.422204971313,445,119
0, 0.431303024292,445,114
0, 0.438734054565,445,110
0, 0.446776866913,445,106
0, 0.463170051575,445,100
0, 0.470192909241,446,96
0, 0.478909015656,446,94
0, 0.486185073853,447,92
0, 0.502496957779,447,91
0, 0.51102399826,447,89
0, 0.51908993721,447,88
0, 0.639103889465,448,88
0, 0.646396875381,450,88
0, 0.654469013214,451,88
0, 0.662343978882,452,88
0, 0.678577899933,454,88
0, 0.687262058258,455,89
0, 0.694647073746,457,90
0, 0.702710866928,460,91
0, 0.718846082687,464,94
0, 0.72630906105,465,94
0, 0.734747886658,467,95
0, 0.766773939133,468,95
1, 2.23726797104,467,99
1, 2.244754076,464,107
1, 2.25354504585,458,126
1, 2.26225495338,454,156
1, 2.26982402802,452,189
1, 2.27805089951,450,224
1, 2.28622293472,448,264
1, 2.29614806175,446,301
1, 2.30363988876,444,338
1, 2.31320595741,440,375
1, 2.32096195221,438,412
1, 2.32991099358,430,447
1, 2.33734893799,421,482
1, 2.3482260704,399,544
1, 2.3567738533,387,572
1, 2.36456203461,377,598
1, 2.38072705269,352,653
1, 2.38899302483,342,681
1, 2.39687585831,332,710
1, 2.40451407433,322,736
1, 2.41285705566,312,762
1, 2.42095088959,302,784
1, 2.42925190926,294,803
1, 2.44479799271,286,829
1, 2.45274400711,283,837
1, 2.46915602684,280,848
1, 2.47641706467,279,850
1, 2.48479485512,278,853
1, 2.50066804886,278,854
1, 2.51661396027,278,855
1, 2.52500891685,278,858
1, 2.53210806847,278,861
1, 2.54111289978,278,866
1, 2.55044007301,278,871
1, 2.55871701241,278,876
1, 2.56678700447,278,880
1, 2.57483386993,278,885
1, 2.58303689957,278,888
1, 2.59143590927,279,891
1, 2.59960794449,279,892
1, 2.60766601562,280,893
1, 2.62882590294,281,893
1, 2.64475393295,283,893
1, 2.65238404274,285,891
1, 2.66018390656,288,889
1, 2.66875386238,292,885
1, 2.68503785133,300,878
1, 2.69235301018,305,873
1, 2.70069599152,309,870
1, 2.70830988884,314,867
1, 2.72478485107,321,861
1, 2.73247504234,325,860
1, 2.74028587341,328,859
1, 2.74843406677,331,857
1, 2.76450896263,336,855
1, 2.77230787277,339,854
1, 2.7806699276,341,853
1, 2.78812503815,344,850
1, 2.79709386826,347,849
1, 2.80483007431,350,848
1, 2.81402206421,353,846
1, 2.82191491127,355,845
1, 2.83022093773,358,843
1, 2.83851599693,361,840
1, 2.84744596481,362,838
1, 2.85565590858,363,837
1, 2.86374807358,364,836
2, 4.28048706055,364,833
2, 4.28924107552,371,814
2, 4.30472588539,396,744
2, 4.31253695488,413,702
2, 4.32061886787,434,658
2, 4.328083992,459,619
2, 4.33714985847,482,581
2, 4.35308504105,531,515
2, 4.36066508293,556,484
2, 4.36863994598,579,457
2, 4.37751698494,599,431
2, 4.38599705696,617,409
2, 4.39393496513,635,386
2, 4.4018008709,649,366
2, 4.40999889374,658,352
2, 4.41839504242,665,339
2, 4.42640995979,668,326
2, 4.43474006653,671,316
2, 4.44305491447,674,308
2, 4.45099687576,675,299
2, 4.45931887627,675,293
2, 4.46726894379,675,287
2, 4.47549295425,675,281
2, 4.48383402824,675,274
2, 4.49181199074,675,270
2, 4.50025391579,676,263
2, 4.50825095177,676,257
2, 4.51639604568,678,252
2, 4.52469587326,679,248
2, 4.53356385231,680,244
2, 4.54227805138,681,238
2, 4.55097603798,683,233
2, 4.55876207352,685,225
2, 4.56705188751,687,219
2, 4.57601594925,689,210
2, 4.58378386497,690,204
2, 4.59220290184,690,195
2, 4.59976696968,690,191
2, 4.60830187798,690,188
2, 4.6169989109,690,186
2, 4.62459397316,689,185
2, 4.63252902031,688,183
2, 4.64101004601,687,182
2, 4.64947199821,686,182
2, 4.65749597549,684,181
2, 4.66653990746,684,180
2, 4.67473697662,683,180
2, 4.68314695358,683,179
2, 4.69142389297,682,179
2, 4.70473599434,682,178
2, 4.71311497688,681,178
3, 6.0304620266,679,178
3, 6.03860187531,673,184
3, 6.04756593704,666,189
3, 6.05555295944,657,195
3, 6.06465697289,650,203
3, 6.07276105881,641,205
3, 6.08106088638,638,208
3, 6.08918786049,636,208
3, 6.10250401497,635,208
3, 6.13466405869,634,208
3, 6.14197301865,633,208
3, 6.17482995987,632,208
3, 6.1819729805,626,208
3, 6.19030094147,614,216
3, 6.1984140873,596,232
3, 6.21447300911,546,268
3, 6.22268104553,515,289
3, 6.23099398613,482,309
3, 6.23830103874,445,328
3, 6.24646806717,410,349
3, 6.25475502014,370,372
3, 6.26351499557,335,392
3, 6.27148795128,300,411
3, 6.27989506721,269,433
3, 6.28786802292,242,452
3, 6.29639101028,220,468
3, 6.31099200249,195,494
3, 6.31817293167,189,501
3, 6.32633900642,184,507
3, 6.33454108238,181,514
3, 6.34346699715,180,518
3, 6.35104990005,180,523
3, 6.35929989815,179,527
3, 6.36835098267,179,530
3, 6.37654304504,179,531
3, 6.384775877,179,533
3, 6.39340186119,179,534
3, 6.40137600899,178,535
3, 6.40946388245,178,536
3, 6.41727399826,178,537
3, 6.42597603798,178,538
3, 6.44659590721,178,539
3, 6.50306296349,179,539
3, 6.51031589508,181,540
3, 6.51955008507,182,541
3, 6.52777004242,184,543
3, 6.53559994698,185,548
3, 6.54380702972,187,554
3, 6.55195903778,188,565
3, 6.56007504463,188,575
3, 6.5742828846,188,610
3, 6.5823969841,188,626
3, 6.59057307243,187,644
3, 6.59905791283,184,660
3, 6.61477899551,179,692
3, 6.62234997749,177,702
3, 6.63063502312,177,713
3, 6.63951706886,176,719
3, 6.64783191681,176,724
3, 6.65619206429,176,727
3, 6.66442489624,176,729
3, 6.67253494263,176,732
3, 6.68070888519,176,733
3, 6.68879890442,176,736
3, 6.69724607468,176,738
3, 6.70546102524,176,739
3, 6.71345496178,176,740
3, 6.72156906128,176,741
3, 6.72982096672,176,742
3, 6.7380259037,176,743
4, 8.70283508301,178,743
4, 8.71096992493,197,743
4, 8.71849107742,234,721
4, 8.73460793495,333,650
4, 8.74328589439,392,611
4, 8.75037503242,455,571
4, 8.75821304321,516,536
4, 8.76685500145,580,501
4, 8.7827270031,691,454
4, 8.79020285606,740,439
4, 8.79869890213,786,427
4, 8.81414699554,874,406
4, 8.82273197174,918,397
4, 8.83005189896,951,389
4, 9.11893486977,941,342
4, 9.12643003464,930,342
4, 9.1351878643,920,340
4, 9.14270496368,914,340
4, 9.15053606033,907,339
4, 9.15922093391,903,339
4, 9.16777586937,898,339
4, 9.17568993568,895,338
4, 9.18993902206,886,338
4, 9.19838500023,882,336
4, 9.2061560154,878,336
4, 9.2151260376,874,335
4, 9.22256708145,870,334
4, 9.23067593575,867,334
4, 9.24666595459,861,333
4, 9.25507807732,859,332
4, 9.26235485077,856,331
4, 9.27068090439,854,331
4, 9.2790620327,850,330
4, 9.28920292854,848,329
4, 9.29678797722,846,328
4, 9.30471897125,843,328
4, 9.31358599663,840,327
4, 9.3222899437,838,325
4, 9.33046388626,837,325
4, 9.33868408203,836,324
4, 9.34685301781,834,324
4, 9.35524988174,833,323
4, 9.36350893974,831,323
4, 9.37155389786,830,322
4, 9.37955594063,827,321
4, 9.38762903214,825,320
4, 9.39600396156,821,319
4, 9.40482997894,819,318
4, 9.41386985779,817,317
4, 9.42208194733,814,316
4, 9.43015193939,813,316
5, 10.6709609032,811,316
5, 10.6785838604,804,316
5, 10.6863639355,796,316
5, 10.702188015,779,316
5, 10.7102789879,775,317
5, 10.7186830044,768,320
5, 10.7284860611,762,322
5, 10.7352268696,754,324
5, 10.74477005,743,328
5, 10.7527890205,728,334
5, 10.7611298561,712,337
5, 10.7692270279,704,340
5, 10.777575016,697,341
5, 10.785130024,695,342
5, 10.7944319248,693,342
5, 10.8025560379,692,343
5, 10.8143210411,685,347
5, 10.8305299282,673,358
5, 10.8381149769,664,364
5, 10.8462538719,652,374
5, 10.8550438881,641,380
5, 10.8706889153,615,401
5, 10.8784608841,598,413
5, 10.8860290051,579,422
5, 10.8944089413,560,431
5, 10.9105808735,514,457
5, 10.9191720486,492,471
5, 10.9269318581,470,483
5, 10.9347560406,450,495
5, 10.9424738884,428,505
5, 10.9506599903,406,513
5, 10.9603919983,387,521
5, 10.9679970741,372,524
5, 10.9761710167,356,528
5, 10.9844200611,343,530
5, 10.9924590588,335,531
5, 11.0007770061,328,531
5, 11.0087430477,324,531
5, 11.0169899464,320,531
5, 11.0251450539,317,531
5, 11.0336818695,313,531
5, 11.0419139862,309,531
5, 11.0499360561,302,531
5, 11.0590400696,294,531
5, 11.0671839714,286,531
5, 11.0762500763,278,531
5, 11.0844478607,269,531
5, 11.0933899879,259,531
5, 11.100744009,253,531
5, 11.1091029644,248,531
5, 11.1172690392,245,531
5, 11.1256918907,241,531
5, 11.1339888573,237,529
5, 11.1427719593,234,529
5, 11.15061903,230,528
5, 11.1589598656,225,528
5, 11.1669540405,221,526
5, 11.1756138802,216,525
5, 11.1832199097,211,525
5, 11.1913540363,205,525
5, 11.1995248795,200,525
5, 11.2076029778,195,525
5, 11.2157099247,191,525
5, 11.2239220142,184,525
5, 11.2324559689,180,525
5, 11.2405779362,175,524
5, 11.2484989166,170,524
5, 11.2570869923,167,524
5, 11.2659549713,162,524
5, 11.2752280235,159,523
5, 11.283190012,157,523
5, 11.2916049957,156,522
5, 11.2998418808,155,522
5, 11.3505489826,154,522
5, 11.3827960491,153,522
5, 11.3908760548,151,521
5, 11.3982388973,148,520
5, 11.4071619511,147,520
5, 11.4153940678,146,519
5, 11.4237160683,145,519
5, 11.4316899776,144,519
5, 11.4398469925,143,518
5, 11.4478988647,141,518
5, 11.4561049938,140,517
5, 11.4643740654,138,517
5, 11.4722969532,135,517
5, 11.4804749489,131,516
5, 11.4888010025,128,515
5, 11.5025289059,121,515
5, 11.5108258724,118,515
5, 11.5181648731,115,513
5, 11.5264918804,112,513
5, 11.5343110561,109,513
5, 11.5507318974,107,512
5, 11.5580580235,106,512
5, 11.5751268864,105,512
6, 13.0207300186,105,509
6, 13.0285880566,110,499
6, 13.0366799831,122,479
6, 13.0451610088,136,456
6, 13.0529899597,154,434
6, 13.0614578724,179,410
6, 13.0691299438,206,385
6, 13.0773420334,241,362
6, 13.0854508877,280,343
6, 13.0936949253,322,333
6, 13.1020128727,364,327
6, 13.1108160019,410,325
6, 13.1188468933,457,325
6, 13.1270329952,501,325
6, 13.1404349804,584,342
6, 13.1483340263,621,355
6, 13.1561670303,650,369
6, 13.1723589897,686,394
6, 13.1799659729,692,404
6, 13.1888749599,697,417
6, 13.1961050034,698,433
6, 13.2050869465,702,452
6, 13.2209129333,710,489
6, 13.228523016,716,502
6, 13.2361998558,723,515
6, 13.244052887,729,526
6, 13.2529170513,735,535
6, 13.2612669468,742,544
6, 13.2690908909,750,553
6, 13.2776958942,756,562
6, 13.2854030132,761,568
6, 13.2942650318,767,577
6, 13.3036210537,773,586
6, 13.3118679523,779,593
6, 13.3197569847,786,601
6, 13.3281059265,794,608
6, 13.3361349106,804,614
6, 13.3443179131,815,617
6, 13.3562829494,843,621
6, 13.3642208576,859,621
6, 13.3731179237,875,621
6, 13.3803579807,888,621
6, 13.3893389702,901,621
6, 13.3969979286,914,620
6, 13.4050369263,924,617
6, 13.4142360687,935,613
6, 13.4222619534,944,607
6, 13.4304020405,950,603
6, 13.5392858982,951,536
6, 13.5477130413,946,532
6, 13.5564229488,942,528
6, 13.564800024,938,524
6, 13.5736160278,935,522
6, 13.5863468647,926,517
6, 13.594712019,923,516
6, 13.6027228832,921,514
6, 13.6104660034,917,514
6, 13.6183409691,914,513
6, 13.6268830299,912,512
6, 13.6355519295,909,511
6, 13.6441018581,904,509
6, 13.6519920826,900,507
6, 13.6612548828,896,507
6, 13.6697108746,891,506
6, 13.6778259277,885,505
6, 13.685970068,881,504
6, 13.6942789555,878,503
6, 13.7024550438,876,503
6, 13.710449934,874,503
6, 13.7183580399,872,501
6, 13.7275030613,871,501
6, 13.7356529236,870,501
6, 13.744011879,869,500
6, 13.752202034,868,500
6, 14.0346090794,868,503
6, 14.0421729088,867,505
6, 14.0506920815,867,508
6, 14.0592319965,865,510
6, 14.0744769573,864,516
6, 14.0823040009,863,518
6, 14.0902838707,862,520
6, 14.0980238914,861,522
6, 14.1075799465,861,523
7, 14.2027740479,860,523
7, 15.4727780819,858,524
7, 15.4803030491,856,524
7, 15.5127220154,855,524
7, 15.5287740231,853,524
7, 15.5365140438,848,524
7, 15.5446619987,843,526
7, 15.5523309708,837,527
7, 15.5604839325,835,527
7, 15.6167719364,834,528
7, 15.6327428818,833,528
7, 15.6412389278,823,529
7, 15.6494050026,807,533
7, 15.6576368809,781,535
7, 15.6657850742,754,537
7, 15.6740009785,722,537
7, 15.6822118759,687,537
7, 15.6906070709,649,537
7, 15.6985859871,614,537
7, 15.7070379257,582,532
7, 15.7149040699,549,524
7, 15.723197937,520,513
7, 15.7313480377,492,501
7, 15.7395489216,464,491
7, 15.7476849556,435,479
7, 15.7556898594,407,469
7, 15.7639229298,381,459
7, 15.7729930878,352,453
7, 15.781265974,324,444
7, 15.7894570827,300,438
7, 15.7978858948,278,430
7, 15.805975914,254,420
7, 15.8140940666,229,414
7, 15.8239910603,192,401
7, 15.832367897,179,396
7, 15.8400089741,171,392
7, 15.8484818935,164,390
7, 15.8567428589,160,387
7, 15.8650560379,156,385
7, 15.8730099201,154,384
7, 15.8815870285,153,383
7, 15.8894610405,151,382
7, 15.8979508877,151,381
7, 15.9447209835,151,379
7, 15.9528698921,151,378
7, 15.9603819847,152,376
7, 15.968280077,153,373
7, 15.9766609669,156,370
7, 15.9851789474,157,367
7, 15.9931309223,158,363
7, 16.0015280247,158,360
7, 16.0096759796,159,358
7, 16.0183010101,160,356
7, 16.0266299248,161,354
7, 16.0347368717,162,351
7, 16.0434908867,163,350
7, 16.0522799492,164,348
7, 16.0601940155,164,347
7, 16.068144083,165,346
7, 16.0764529705,165,344
7, 16.0845990181,165,343
7, 16.0967109203,165,339
7, 16.1123850346,165,336
7, 16.1204919815,165,334
7, 16.1285760403,165,333
7, 16.1364438534,165,332
7, 16.1441559792,165,331
7, 16.1603679657,163,330
7, 16.1683299541,162,329
7, 16.1763849258,160,329
7, 16.1847159863,158,328
7, 16.1929960251,156,327
7, 16.2002990246,154,326
7, 16.2091920376,150,324
7, 16.2177860737,147,323
7, 16.2257480621,144,322
7, 16.2339780331,140,321
7, 16.2426679134,138,320
7, 16.2503240108,137,320
7, 16.2587239742,136,319
8, 17.7046229839,139,326
8, 17.7123389244,148,342
8, 17.7226169109,159,359
8, 17.7308130264,174,381
8, 17.7388920784,185,398
8, 17.7475399971,198,413
8, 17.7567389011,214,427
8, 17.764744997,228,445
8, 17.7737379074,241,460
8, 17.7830109596,249,469
8, 17.7931818962,267,497
8, 17.8028030396,275,506
8, 17.8112440109,279,511
8, 17.8186349869,282,513
8, 17.8271620274,283,516
8, 17.8353390694,285,517
8, 17.8431708813,286,519
8, 17.8513798714,290,520
8, 17.8598308563,293,524
8, 17.8677198887,299,528
8, 17.877038002,308,535
8, 17.8859529495,322,544
8, 17.8941669464,342,556
8, 17.9024250507,362,568
8, 17.9107499123,387,584
8, 17.9190049171,414,601
8, 17.9272260666,442,619
8, 17.9361159801,507,659
8, 17.9521069527,540,679
8, 17.9602389336,574,698
8, 17.9682290554,605,712
8, 17.9759440422,656,735
8, 17.993008852,678,745
8, 18.0010340214,691,751
8, 18.0104029179,711,760
8, 18.0182600021,717,764
8, 18.0330340862,729,767
8, 18.0401370525,734,769
8, 18.0512969494,738,770
8, 18.0581068993,743,770
8, 18.0661928654,746,772
8, 18.0752038956,748,772
8, 18.0833539963,749,772
8, 18.0917348862,750,772
8, 18.0998129845,752,772
8, 18.1086449623,753,772
8, 18.1174578667,755,772
8, 18.1255180836,758,772
8, 18.1336169243,759,772
8, 18.1421840191,761,772
8, 18.1547648907,762,772
8, 18.1847229004,763,772
8, 18.1929829121,764,772
8, 18.2087049484,769,767
8, 18.2182109356,773,763
8, 18.2266218662,777,758
8, 18.2346868515,781,753
8, 18.248693943,788,741
8, 18.2570719719,790,733
8, 18.2671480179,790,725
8, 18.2747929096,791,718
8, 18.2829530239,791,713
8, 18.2971968651,791,706
8, 18.3041059971,791,705
8, 18.3151659966,790,704
8, 18.3228499889,789,702
8, 18.33126688,787,701
8, 18.3392839432,785,700
8, 18.3475959301,784,699
8, 18.3557569981,783,699
8, 18.3721449375,782,698
8, 18.7126159668,780,698
8, 18.7230570316,778,698
8, 18.7309288979,777,698
8, 18.7388019562,775,700
8, 18.746986866,774,701
8, 18.7553200722,773,702
8, 18.7705979347,773,703
8, 18.7784969807,772,703
8, 18.795003891,772,704
9, 20.1143419743,765,704
9, 20.1235480309,755,704
9, 20.1312458515,742,704
9, 20.1390590668,719,704
9, 20.1473369598,695,704
9, 20.1552190781,669,704
9, 20.1645278931,638,706
9, 20.1728999615,609,708
9, 20.1807670593,585,708
9, 20.189109087,578,708
9, 20.1972110271,573,696
9, 20.2053248882,571,677
9, 20.2135050297,571,653
9, 20.2218210697,569,626
9, 20.2297718525,567,596
9, 20.238173008,567,562
9, 20.2459590435,565,529
9, 20.2545239925,561,500
9, 20.262460947,559,470
9, 20.2704539299,557,446
9, 20.2827138901,548,410
9, 20.2964348793,528,375
9, 20.3071758747,520,363
9, 20.3141880035,510,351
9, 20.3287909031,501,340
9, 20.3370049,492,334
9, 20.3449919224,483,327
9, 20.3532159328,474,321
9, 20.3613109589,456,307
9, 20.3703930378,451,303
9, 20.3782100677,444,296
9, 20.3928868771,436,289
9, 20.4010179043,429,284
9, 20.4091889858,411,266
9, 20.4191150665,402,258
9, 20.4264779091,392,248
9, 20.4346740246,382,239
9, 20.4430098534,374,232
9, 20.4509580135,367,224
9, 20.4602088928,360,216
9, 20.4681820869,353,211
9, 20.4766380787,348,204
9, 20.4844539165,342,198
9, 20.4929049015,338,193
9, 20.5012969971,333,189
9, 20.5092220306,328,184
9, 20.5172979832,321,179
9, 20.5255858898,315,173
9, 20.5382800102,307,166
9, 20.5522339344,301,161
9, 20.5604910851,297,158
9, 20.5686559677,295,155
9, 20.576736927,292,152
9, 20.5924720764,284,146
9, 20.6028859615,282,145
9, 20.6099848747,280,144
9, 20.6186430454,279,144
9, 20.7126150131,278,144
9, 20.723072052,278,148
9, 20.7298820019,276,153
9, 20.7388880253,276,156
9, 20.7463159561,276,159
9, 20.7545490265,276,161
9, 20.7698659897,276,162
9, 20.7781288624,276,163
10, 22.1306118965,274,167
10, 22.1388678551,273,172
10, 22.1464240551,273,176
10, 22.155107975,273,180
10, 22.1624240875,273,183
10, 22.1785590649,281,196
10, 22.187253952,287,207
10, 22.1940529346,296,223
10, 22.2101259232,314,257
10, 22.2189838886,326,277
10, 22.226444006,338,301
10, 22.2350308895,354,325
10, 22.2422399521,368,356
10, 22.2580640316,401,422
10, 22.266949892,417,454
10, 22.2743089199,432,487
10, 22.2829918861,446,518
10, 22.2907629013,456,546
10, 22.2996098995,466,572
10, 22.307790041,474,601
10, 22.3153779507,478,625
10, 22.3309018612,486,668
10, 22.3387210369,490,686
10, 22.3470718861,494,705
10, 22.3554430008,497,718
10, 22.3635339737,500,729
10, 22.3725290298,502,735
10, 22.3806629181,504,738
10, 22.3886430264,505,740
10, 22.3968250751,506,741
10, 22.4049899578,506,742
10, 22.4986579418,506,743
10, 22.5069909096,506,747
10, 22.5226318836,506,761
10, 22.5303430557,506,766
10, 22.5391049385,508,772
10, 22.5466358662,510,776
10, 22.5550620556,513,778
10, 22.5629339218,514,780
10, 22.5710999966,515,780
10, 22.5793640614,516,781
10, 22.5875790119,517,781
10, 22.5957899094,519,781
10, 22.6043279171,521,782
10, 22.6121170521,523,782
10, 22.6202800274,526,783
10, 22.6284868717,529,784
10, 22.6365859509,532,786
10, 22.6446568966,535,789
10, 22.6529700756,539,791
10, 22.661208868,541,794
10, 22.6695890427,545,798
10, 22.6778419018,547,801
10, 22.6870520115,549,805
10, 22.6951439381,551,808
10, 22.703373909,552,811
10, 22.7114019394,555,814
10, 22.7198050022,556,816
10, 22.7290329933,557,818
10, 22.7376689911,558,819
10, 22.7457680702,558,820
10, 22.7540030479,560,821
10, 22.7625379562,561,822
10, 22.7701258659,562,823
10, 22.7783648968,563,823
10, 22.7861280441,564,824
10, 22.7943339348,565,825
10, 22.8910109997,566,825
10, 22.9070780277,566,826
11, 23.1309669018,566,822
11, 23.1382389069,566,819
11, 23.1465530396,566,818
11, 24.3389010429,566,817
11, 24.3479070663,573,815
11, 24.3563890457,589,814
11, 24.3641200066,607,810
11, 24.3730130196,631,804
11, 24.3803050518,656,798
11, 24.388479948,669,795
11, 24.3967149258,679,792
11, 24.4047880173,690,787
11, 24.4128479958,699,777
11, 24.4212179184,712,765
11, 24.4292809963,724,741
11, 24.4373309612,738,717
11, 24.4454219341,752,682
11, 24.4538888931,765,647
11, 24.46189785,777,610
11, 24.474793911,795,546
11, 24.4821820259,799,518
11, 24.4903650284,803,492
11, 24.4984068871,805,468
11, 24.5069060326,805,443
11, 24.5230250359,804,399
11, 24.5303769112,801,381
11, 24.5383620262,794,365
11, 24.5466270447,785,351
11, 24.554805994,776,337
11, 24.5628619194,766,327
11, 24.5715138912,757,317
11, 24.5789260864,749,310
11, 24.5875229836,744,305
11, 24.5954070091,739,301
11, 24.6038050652,737,299
11, 24.612112999,733,295
11, 24.6197888851,728,291
11, 24.6289908886,725,288
11, 24.6380169392,718,282
11, 24.6465070248,712,279
11, 24.6547420025,703,273
11, 24.6628570557,690,265
11, 24.6712560654,680,261
11, 24.6792900562,671,255
11, 24.6877319813,659,247
11, 24.6957888603,652,241
11, 24.7038528919,645,236
11, 24.7122149467,632,222
11, 24.7230989933,627,217
11, 24.7314879894,620,212
11, 24.7404410839,611,206
11, 24.7477788925,603,202
11, 24.7561280727,595,198
11, 24.7649159431,586,192
11, 24.7734589577,578,187
11, 24.7814998627,571,182
11, 24.7898590565,563,178
11, 24.7977368832,556,170
11, 24.8070218563,549,165
11, 24.8150420189,538,156
11, 24.8232550621,531,150
11, 24.8314218521,522,144
11, 24.8422698975,506,131
11, 24.8505330086,496,125
11, 24.8592529297,485,119
11, 24.8668050766,474,112
11, 24.8752479553,465,106
11, 24.8830718994,459,101
11, 24.892152071,454,97
11, 24.9002270699,450,95
11, 24.9083490372,449,93
11, 24.9164829254,447,90
11, 24.9245700836,446,89
11, 24.938202858,444,86
11, 24.9461920261,442,84
11, 24.9540190697,441,84
11, 24.9623138905,441,82
11, 24.9701659679,440,82
11, 25.1871190071,441,83
11, 25.1947920322,442,84
11, 25.2035529613,443,86
11, 25.2113008499,444,87
11, 25.2266130447,445,88
11, 25.2407338619,445,89
11, 25.2512068748,446,89
11, 25.2665538788,447,90
11, 25.2742469311,447,91
11, 25.2907168865,448,92
11, 25.2990219593,449,93
11, 25.3070750237,450,93
11, 25.3151469231,451,94
11, 25.3233189583,452,94
11, 25.3314490318,452,95
11, 25.3407659531,453,95
11, 25.3767008781,454,96
