ZhenMouse,C
,2014-07-28

Target#, time, targetX, targetY, clicked, keyPressed, condition (W&D), errorMargin
0,0.869028091431,475.0,97.0,0,0,24,756,0
1,2.08508300781,427.624037713,850.019357097,0,0,24,756,0
2,3.0112259388,569.004777348,108.875565093,0,0,24,756,0
3,3.97108006477,335.848919085,826.455511666,0,0,24,756,0
4,4.88660597801,657.10288881,143.756074943,0,0,24,756,0
5,5.83508110046,252.817174633,780.808423874,0,0,24,756,0
6,6.68129491806,733.758806041,199.449858835,0,0,24,756,0
7,7.45697593689,183.745994231,715.946268125,0,0,24,756,0
8,8.30518889427,794.15595584,272.457471498,0,0,24,756,0
9,9.29524993896,132.975374168,635.944572212,0,0,24,756,0
10,10.2983050346,834.49936316,358.191576126,0,0,24,756,0
11,11.2474019527,103.695419225,545.830136913,0,0,24,756,0
12,12.2313890457,852.254103346,451.265183618,0,0,24,756,0
13,13.3493590355,97.7458966541,451.265183618,0,0,24,756,0
14,14.323538065,846.304580775,545.830136913,0,0,24,756,0
15,15.1553890705,115.50063684,358.191576126,0,0,24,756,0
16,16.2414650917,817.024625832,635.944572212,0,0,24,756,0
17,17.3622579575,155.84404416,272.457471498,0,0,24,756,0
18,18.4713230133,766.254005769,715.946268125,0,0,24,756,0
19,19.5121040344,216.241193959,199.449858835,0,0,24,756,0
20,20.9000020027,697.182825367,780.808423874,0,0,24,756,0
21,21.8349640369,292.89711119,143.756074943,0,0,24,756,0
22,22.9063079357,614.151080915,826.455511666,0,0,24,756,0
23,23.9451658726,380.995222652,108.875565093,0,0,24,756,0
24,25.0099389553,522.375962287,850.019357097,0,0,24,756,0
25,25.8825070858,475.0,97.0,0,0,24,756,0
