ZhenTrackpad,A
,2014-07-28
Target#, times, x, y 
0, 0.497117996216,480,477
0, 0.507272958755,480,473
0, 0.515624046326,478,466
0, 0.526702880859,478,456
0, 0.536757946014,478,442
0, 0.546753883362,478,428
0, 0.556166887283,478,409
0, 0.566668987274,479,381
0, 0.576664924622,481,353
0, 0.586317062378,481,329
0, 0.595685958862,481,305
0, 0.60636806488,481,281
0, 0.615529060364,481,265
0, 0.626466035843,481,251
0, 0.636032104492,481,245
0, 0.645785093307,481,242
0, 0.655800104141,481,240
0, 0.686040878296,480,240
0, 0.715622901917,480,241
0, 0.735814094543,480,242
0, 0.825763940811,479,242
0, 0.865473031998,479,243
0, 0.875716924667,479,244
0, 0.895358085632,479,245
0, 0.915296077728,479,246
0, 1.04337501526,480,246
0, 1.19414401054,480,248
0, 1.20404291153,480,251
0, 1.21379089355,479,256
0, 1.22418689728,472,268
0, 1.23346805573,462,291
0, 1.24376392365,445,330
0, 1.25264501572,430,368
0, 1.26377987862,419,415
0, 1.27324509621,408,462
0, 1.28239297867,399,502
0, 1.29356503487,390,552
0, 1.30305194855,382,595
0, 1.31345891953,376,625
0, 1.32291102409,368,655
0, 1.33329105377,365,677
0, 1.34275889397,363,689
0, 1.35315704346,363,694
0, 1.36267399788,363,696
0, 1.38262295723,363,695
0, 1.39274787903,363,693
0, 1.40312194824,363,690
0, 1.41262197495,363,686
0, 1.42270088196,363,681
0, 1.43253993988,363,676
0, 1.44210290909,363,669
0, 1.45245289803,363,664
0, 1.46140193939,363,656
0, 1.47206902504,366,644
0, 1.48221898079,372,633
0, 1.49240088463,378,619
0, 1.5026910305,384,597
0, 1.51114988327,393,573
0, 1.52249693871,399,552
0, 1.53158187866,408,530
0, 1.54201388359,417,502
0, 1.55247211456,426,472
0, 1.56185507774,435,450
0, 1.57236099243,441,432
0, 1.58241701126,448,414
0, 1.59125709534,455,393
0, 1.601749897,458,376
0, 1.61224102974,462,364
0, 1.62188911438,463,352
0, 1.63098597527,464,347
0, 1.64189004898,464,343
0, 1.66016793251,460,341
0, 1.68933296204,456,331
0, 1.92053508759,456,330
0, 1.9307448864,456,327
0, 1.93946790695,460,322
0, 1.94957900047,466,314
0, 1.95918393135,471,307
0, 1.97036600113,476,299
0, 1.98030805588,479,295
0, 1.98975491524,481,293
0, 2.00033307076,483,290
0, 2.0097990036,484,290
0, 2.01903295517,484,289
0, 2.04010891914,484,288
0, 2.04943203926,485,288
0, 2.1294169426,485,289
0, 2.14006209373,485,288
1, 2.22945308685,485,287
1, 2.2390499115,485,286
1, 2.25804305077,485,285
1, 2.26964306831,485,287
1, 2.52806401253,485,289
1, 2.53776192665,485,296
1, 2.54815196991,481,308
1, 2.55708193779,477,324
1, 2.56803297997,472,348
1, 2.57688307762,466,385
1, 2.58789300919,462,413
1, 2.59752297401,461,435
1, 2.607462883,457,467
1, 2.61648011208,457,498
1, 2.62749099731,455,523
1, 2.63719296455,454,551
1, 2.64728593826,450,580
1, 2.65704393387,450,604
1, 2.66745591164,450,620
1, 2.67711305618,450,635
1, 2.68597102165,450,650
1, 2.6964199543,450,660
1, 2.70613789558,450,670
1, 2.71687889099,450,677
1, 2.72712802887,450,680
1, 2.73646903038,450,681
1, 2.74667811394,450,682
1, 2.79667901993,450,681
1, 2.8262989521,450,680
1, 2.91612291336,450,681
2, 3.16498804092,450,682
2, 3.17417502403,450,683
2, 3.19461297989,450,684
2, 3.2038359642,450,685
2, 3.22439408302,449,685
2, 3.24429106712,447,684
2, 3.25442695618,446,679
2, 3.26461291313,445,667
2, 3.27375793457,442,651
2, 3.28460597992,440,630
2, 3.2935500145,438,578
2, 3.30425190926,438,531
2, 3.31385087967,438,473
2, 3.32369804382,444,414
2, 3.3334569931,456,358
2, 3.34404397011,468,301
2, 3.35314393044,481,260
2, 3.36426305771,493,228
2, 3.37427806854,497,208
2, 3.38294291496,503,193
2, 3.39401507378,505,179
2, 3.40381407738,508,172
2, 3.4131538868,509,169
2, 3.44352388382,509,171
2, 3.45289206505,509,174
2, 3.46342301369,509,175
2, 3.47313189507,509,177
2, 3.48321700096,509,179
2, 3.50304102898,509,180
2, 3.51309609413,509,181
2, 3.55297708511,509,182
2, 3.60312008858,509,183
2, 3.61304187775,509,184
2, 3.62220788002,510,187
2, 3.63286089897,511,192
2, 3.64227294922,512,198
2, 3.65300107002,512,205
2, 3.66189599037,512,210
2, 3.67170500755,512,215
2, 3.68236708641,512,220
2, 3.69168305397,512,225
2, 3.7023100853,512,228
2, 3.71182990074,512,229
2, 3.72236609459,512,230
2, 3.7320599556,512,231
2, 3.87159991264,512,232
2, 3.89142107964,512,233
2, 3.90200591087,512,231
3, 3.98112797737,512,230
3, 4.06961488724,513,230
3, 4.25042009354,513,233
3, 4.25893211365,508,240
3, 4.26973795891,498,252
3, 4.28012609482,486,267
3, 4.28912401199,469,294
3, 4.3000869751,454,332
3, 4.30922794342,437,371
3, 4.32025194168,417,401
3, 4.3288769722,397,441
3, 4.33871889114,380,477
3, 4.34916210175,366,506
3, 4.35947704315,358,527
3, 4.36887693405,355,549
3, 4.37885403633,355,573
3, 4.38887095451,355,592
3, 4.39923191071,355,605
3, 4.40859389305,357,617
3, 4.41925501823,359,630
3, 4.42878389359,362,642
3, 4.43823599815,363,651
3, 4.4485681057,364,654
3, 4.45804309845,366,655
3, 4.52839899063,366,654
3, 4.65821790695,368,654
3, 4.66826105118,371,654
3, 4.67731499672,374,654
3, 4.68800091743,376,654
3, 4.69712710381,378,654
3, 4.70694088936,380,654
3, 4.71801495552,380,655
3, 4.72683596611,381,655
4, 5.05649089813,381,652
4, 5.06652498245,384,643
4, 5.0758600235,386,632
4, 5.08620595932,390,617
4, 5.09533691406,397,590
4, 5.10588693619,412,552
4, 5.11588406563,431,516
4, 5.12498688698,452,470
4, 5.13614296913,472,428
4, 5.14472794533,486,392
4, 5.15564608574,500,363
4, 5.16530394554,512,341
4, 5.17591404915,521,324
4, 5.18508696556,529,315
4, 5.19477891922,535,309
4, 5.20557188988,540,304
4, 5.2154109478,543,303
4, 5.22537398338,546,303
4, 5.23461604118,548,303
4, 5.24543595314,549,303
4, 5.25551891327,551,303
4, 5.26518893242,552,303
4, 5.48442697525,552,304
4, 5.50466108322,552,303
5, 5.67191195488,552,305
5, 5.86313199997,551,306
5, 5.87259697914,545,315
5, 5.88248205185,534,335
5, 5.89236497879,507,373
5, 5.90197706223,480,417
5, 5.91242790222,458,469
5, 5.9217300415,438,511
5, 5.93254804611,420,541
5, 5.94264006615,402,574
5, 5.95186090469,387,601
5, 5.96108293533,372,624
5, 5.97130298615,364,637
5, 5.98182201385,359,644
5, 5.99220895767,357,647
5, 6.00177192688,356,650
5, 6.01181507111,355,652
5, 6.03194093704,355,654
5, 6.04196691513,355,656
5, 6.05217790604,354,659
5, 6.06185007095,353,662
5, 6.07099103928,353,664
6, 6.57968091965,354,664
6, 6.5891931057,357,658
6, 6.59887909889,364,646
6, 6.609333992,378,629
6, 6.61868095398,404,603
6, 6.62941193581,431,574
6, 6.63862395287,460,536
6, 6.64886307716,480,508
6, 6.65898108482,498,486
6, 6.66911005974,515,467
6, 6.67833995819,532,449
6, 6.68873310089,545,431
6, 6.6983230114,556,419
6, 6.70782804489,562,409
6, 6.7185781002,567,403
6, 6.72895598412,571,399
6, 6.73895311356,571,396
6, 6.74843502045,572,395
6, 6.80796790123,571,395
6, 6.83819699287,570,395
6, 6.92786192894,570,394
6, 6.94700789452,570,393
6, 7.12665104866,572,391
6, 7.13691902161,577,385
6, 7.14712095261,581,381
6, 7.15602087975,586,375
6, 7.16682910919,590,371
6, 7.17674398422,592,369
6, 7.18672895432,593,367
6, 7.19678401947,593,366
6, 7.23635196686,593,367
6, 7.24702095985,593,368
6, 7.25558209419,593,369
6, 7.26602101326,570,393
6, 7.39427399635,570,392
6, 7.73428106308,570,390
6, 7.74400496483,572,388
6, 7.75394892693,574,382
6, 7.76364898682,576,377
6, 7.77343010902,580,369
6, 7.78375697136,585,365
6, 7.79465103149,589,360
6, 7.80354094505,594,356
6, 7.81342291832,596,353
6, 7.82358598709,598,351
6, 7.83333802223,599,350
6, 7.84293198586,600,350
6, 7.85381102562,601,348
6, 7.86367988586,601,346
6, 7.8730609417,601,344
6, 7.8830499649,602,342
6, 7.89354991913,602,339
6, 7.90338206291,602,337
6, 7.91366195679,603,334
6, 7.9228849411,603,331
6, 7.93295192719,603,330
6, 7.94262194633,604,327
6, 7.95292305946,604,325
6, 7.97288894653,604,324
6, 8.04287695885,604,326
6, 8.05324411392,604,327
7, 8.38167405128,604,328
7, 8.39108610153,600,335
7, 8.40113401413,593,349
7, 8.41120409966,579,368
7, 8.42092394829,555,394
7, 8.4315969944,534,419
7, 8.44054198265,508,453
7, 8.45138096809,488,484
7, 8.46045303345,464,509
7, 8.47136092186,441,532
7, 8.48022508621,420,557
7, 8.49102210999,400,585
7, 8.50014805794,388,602
7, 8.51052999496,376,617
7, 8.52079200745,365,627
7, 8.53051495552,356,635
7, 8.54026293755,348,641
7, 8.55063199997,344,644
7, 8.55984687805,342,646
7, 8.57060694695,341,646
7, 8.61009287834,342,644
7, 8.62041807175,342,643
7, 8.63977503777,342,642
7, 8.65058207512,342,641
7, 8.66989898682,342,640
7, 8.72983503342,341,640
7, 8.74942493439,339,639
7, 8.75954794884,337,637
7, 8.76869487762,335,635
7, 8.77963495255,334,635
7, 8.78906106949,332,633
7, 8.79966902733,331,631
7, 8.80882096291,329,630
7, 8.81959295273,328,627
7, 8.82974004745,328,626
7, 8.83885288239,327,623
7, 8.84909200668,327,621
7, 8.85932207108,326,621
7, 8.89923810959,326,622
7, 8.9083878994,326,623
8, 9.20798707008,328,621
8, 9.21741509438,335,615
8, 9.22709798813,348,603
8, 9.23774409294,369,576
8, 9.24694490433,410,549
8, 9.25736188889,448,522
8, 9.26651787758,487,488
8, 9.27661895752,528,456
8, 9.28633904457,566,429
8, 9.29735398293,590,410
8, 9.30673694611,606,401
8, 9.31723308563,622,394
8, 9.32738089561,636,389
8, 9.3365778923,646,384
8, 9.34709405899,653,381
8, 9.35682201385,658,378
8, 9.36624789238,661,376
8, 9.37692689896,661,374
8, 9.426623106,660,374
8, 9.44599795341,659,374
8, 9.46683502197,658,374
8, 9.47559690475,657,374
8, 9.53592896461,657,373
8, 9.54646992683,657,372
8, 9.55564808846,657,371
8, 9.58603692055,657,370
8, 9.6159389019,656,370
8, 9.62604308128,656,372
8, 9.63573789597,656,374
8, 9.64634108543,656,375
9, 9.80309200287,656,376
9, 9.96429991722,653,376
9, 9.97366809845,647,379
9, 9.98420810699,638,386
9, 9.9937710762,624,396
9, 10.0040519238,600,413
9, 10.0135490894,569,433
9, 10.0235309601,543,448
9, 10.0337269306,516,463
9, 10.0440249443,483,482
9, 10.053360939,449,506
9, 10.0638589859,421,530
9, 10.0736150742,396,549
9, 10.0831859112,373,561
9, 10.0937449932,352,570
9, 10.1036679745,336,575
9, 10.1122899055,327,579
9, 10.1236729622,322,580
9, 10.1336200237,319,581
9, 10.1725900173,319,580
9, 10.1836810112,320,580
9, 10.1926898956,320,579
9, 10.2032558918,321,578
9, 10.2627680302,319,578
9, 10.2731189728,314,578
9, 10.2821888924,310,578
9, 10.2927000523,308,578
9, 10.3025710583,306,578
9, 10.312292099,304,578
9, 10.4121239185,305,578
9, 10.4218010902,305,579
9, 10.442373991,304,578
10, 10.7509329319,307,577
10, 10.7600820065,314,576
10, 10.7706980705,321,573
10, 10.7802970409,331,572
10, 10.7905349731,345,569
10, 10.8001089096,360,568
10, 10.8105230331,373,565
10, 10.8207409382,387,564
10, 10.8294069767,404,558
10, 10.839525938,432,549
10, 10.849930048,460,537
10, 10.8590009212,486,524
10, 10.8700768948,521,510
10, 10.8792970181,553,498
10, 10.8900001049,575,488
10, 10.9000210762,589,481
10, 10.9088499546,598,476
10, 10.9201738834,604,471
10, 10.9296190739,608,466
10, 10.9398200512,612,461
10, 10.9493310452,613,458
10, 10.9588899612,615,454
10, 10.9695110321,617,448
10, 10.9793879986,620,444
10, 10.9891839027,624,440
10, 10.9995698929,626,435
10, 11.0082941055,628,433
10, 11.0189239979,630,431
10, 11.0280408859,632,430
10, 11.038465023,634,429
10, 11.0488710403,635,428
10, 11.0590848923,636,427
10, 11.0692141056,638,427
10, 11.079253912,639,426
10, 11.0887830257,643,425
10, 11.0991849899,649,424
10, 11.1082758904,653,423
10, 11.1191570759,655,421
10, 11.1289870739,656,421
10, 11.1389510632,657,421
10, 11.2182378769,656,421
10, 11.2983899117,656,422
11, 11.5172739029,655,422
11, 11.5270700455,653,422
11, 11.5371909142,650,422
11, 11.5467379093,646,422
11, 11.5568010807,642,423
11, 11.5671350956,638,424
11, 11.575936079,630,426
11, 11.586714983,618,428
11, 11.5955939293,603,429
11, 11.6061310768,588,431
11, 11.6161699295,557,434
11, 11.6264519691,517,442
11, 11.6370170116,476,453
11, 11.6460990906,433,462
11, 11.6559529305,396,472
11, 11.6665120125,364,484
11, 11.6767508984,340,493
11, 11.6866819859,323,497
11, 11.696352005,309,500
11, 11.7064640522,301,502
11, 11.7163519859,297,503
11, 11.7259840965,295,503
11, 11.7756578922,296,503
11, 11.7856330872,297,503
11, 11.8157889843,294,503
11, 11.8252110481,290,503
11, 11.8355460167,283,504
11, 11.845375061,278,505
11, 11.8558490276,272,505
11, 11.8650920391,270,505
11, 11.8757340908,268,505
11, 11.8853499889,267,505
11, 12.1146891117,267,506
11, 12.1242060661,268,506
11, 12.134180069,268,507
11, 12.1440160275,268,506
12, 12.2834749222,270,506
12, 12.29352808,275,504
12, 12.3031179905,287,498
12, 12.3134000301,315,483
12, 12.3230700493,362,458
12, 12.3335449696,411,437
12, 12.3427538872,465,420
12, 12.3532109261,505,410
12, 12.3633549213,536,402
12, 12.3726239204,562,397
12, 12.3833019733,586,397
12, 12.3924250603,603,396
12, 12.4031660557,619,396
12, 12.4117689133,637,396
12, 12.422894001,656,397
12, 12.4328899384,670,399
12, 12.4429090023,680,401
12, 12.4531490803,687,404
12, 12.4621920586,690,406
12, 12.4728078842,692,407
12, 12.5027630329,692,408
12, 12.5223720074,691,408
12, 12.5422871113,691,409
12, 12.5621678829,692,409
12, 12.5725080967,697,409
12, 12.5818970203,702,411
12, 12.591782093,706,412
12, 12.6019818783,708,413
12, 12.6106779575,711,414
12, 12.6222529411,711,415
12, 12.6319739819,711,416
12, 12.6421999931,711,417
12, 12.6616969109,711,418
12, 12.6720299721,709,419
12, 12.6821460724,705,423
12, 12.6915009022,701,425
12, 12.7018039227,694,430
12, 12.7121019363,686,435
12, 12.7206089497,680,441
12, 12.7314419746,674,446
12, 12.7408280373,671,447
12, 12.7505319118,669,449
12, 12.7616019249,667,451
12, 12.7813799381,667,452
13, 13.1402831078,664,452
13, 13.1495881081,655,449
13, 13.15939188,643,445
13, 13.1697928905,626,440
13, 13.1799890995,593,434
13, 13.1894850731,556,426
13, 13.1998798847,527,420
13, 13.2093989849,494,414
13, 13.2194008827,462,411
13, 13.2283549309,439,407
13, 13.2389800549,424,405
13, 13.2495501041,411,402
13, 13.2589030266,399,401
13, 13.2692420483,387,399
13, 13.278701067,377,399
13, 13.2895720005,372,398
13, 13.2994019985,369,398
13, 13.3085019588,366,397
13, 13.318762064,365,397
13, 13.3283660412,364,396
13, 13.3380699158,362,396
13, 13.3493180275,357,396
13, 13.3587529659,351,396
13, 13.3688590527,342,396
13, 13.3783960342,335,396
13, 13.388890028,330,397
13, 13.3983879089,327,397
13, 13.4978580475,327,398
13, 13.5085608959,327,401
13, 13.5175700188,327,403
13, 13.5271680355,327,408
13, 13.537925005,327,414
13, 13.5480189323,326,419
13, 13.5575149059,325,422
13, 13.5679159164,323,426
13, 13.5774269104,322,428
13, 13.5878689289,321,428
14, 13.886038065,323,428
14, 13.8965139389,328,428
14, 13.9056880474,338,430
14, 13.9165780544,350,432
14, 13.9261529446,365,438
14, 13.9362039566,390,446
14, 13.9455900192,422,460
14, 13.9560799599,451,474
14, 13.9659979343,483,488
14, 13.975689888,520,498
14, 13.9851250648,554,508
14, 13.9960489273,581,513
14, 14.0053339005,618,522
14, 14.0158319473,646,525
14, 14.0250380039,662,528
14, 14.0345489979,672,529
14, 14.0453019142,677,531
14, 14.0546460152,680,533
14, 14.0652270317,682,534
14, 14.0747580528,683,535
14, 14.0853030682,684,536
14, 14.0956580639,685,539
14, 14.1048688889,687,541
14, 14.1154649258,688,544
14, 14.1254301071,690,546
14, 14.1361119747,691,547
14, 14.1444609165,692,549
14, 14.1547009945,694,552
14, 14.1645269394,696,555
14, 14.1747410297,698,556
14, 14.1848909855,701,558
14, 14.1944160461,702,560
14, 14.2052810192,705,561
14, 14.2141859531,707,562
14, 14.2252299786,708,562
14, 14.2341609001,710,563
14, 14.2440130711,711,563
14, 14.2537639141,712,563
14, 14.374131918,712,562
14, 14.3844048977,711,562
14, 14.4639759064,711,561
14, 14.4834139347,710,560
14, 14.4934089184,710,559
14, 14.5036990643,708,557
14, 14.5128540993,706,554
14, 14.5229640007,703,551
14, 14.5328299999,700,547
14, 14.5431818962,698,545
14, 14.5533299446,696,543
14, 14.5636410713,696,542
14, 14.5726180077,695,542
15, 14.8622360229,692,541
15, 14.8716208935,685,541
15, 14.8811879158,674,538
15, 14.8920109272,661,536
15, 14.9016809464,632,532
15, 14.9113919735,597,528
15, 14.9215610027,554,522
15, 14.931622982,506,518
15, 14.9412310123,466,511
15, 14.9519150257,424,505
15, 14.9619069099,388,499
15, 14.9704720974,364,492
15, 14.9812130928,348,488
15, 14.9908289909,333,482
15, 15.0011410713,318,477
15, 15.0112919807,304,471
15, 15.0199110508,296,466
15, 15.0310070515,291,463
15, 15.0403800011,288,460
15, 15.0514109135,287,458
15, 15.0606501102,287,456
15, 15.1207010746,288,456
15, 15.250633955,288,455
15, 15.2603509426,288,454
15, 15.2700130939,288,452
15, 15.2795660496,288,450
15, 15.2997300625,288,449
15, 15.3100800514,288,448
15, 15.3705260754,288,455
16, 15.5686988831,289,456
16, 15.5784640312,292,456
16, 15.5881590843,300,457
16, 15.5986449718,315,459
16, 15.6087899208,346,461
16, 15.6180109978,408,468
16, 15.6284720898,464,475
16, 15.6374230385,524,490
16, 15.647963047,572,506
16, 15.6585299969,609,527
16, 15.6679930687,633,546
16, 15.6775100231,651,559
16, 15.6877889633,662,569
16, 15.6983389854,671,575
16, 15.7077169418,676,580
16, 15.7178790569,679,583
16, 15.727602005,680,585
16, 15.7384779453,681,587
16, 15.7467889786,682,589
16, 15.7577168941,683,592
16, 15.7678439617,685,593
16, 15.7782719135,687,596
16, 15.787348032,690,599
16, 15.7979269028,692,601
16, 15.8078510761,694,603
16, 15.8176779747,696,604
16, 15.8276360035,697,604
16, 15.8873031139,699,604
16, 15.8972370625,702,605
16, 15.9068570137,705,607
16, 15.9172029495,707,609
16, 15.9269440174,709,610
16, 15.9365859032,710,610
16, 15.9564208984,710,611
16, 16.0164680481,709,611
16, 16.0270841122,708,610
16, 16.0358669758,704,608
16, 16.0466001034,699,605
16, 16.0563020706,693,600
16, 16.0665090084,684,593
16, 16.0762679577,678,588
16, 16.0867550373,674,584
16, 16.0961840153,669,581
16, 16.1066529751,667,579
16, 16.1155068874,665,577
16, 16.1260910034,663,575
16, 16.1363530159,662,575
16, 16.1463959217,661,573
16, 16.2753880024,662,573
16, 16.2856740952,661,573
17, 16.4549739361,659,573
17, 16.4644908905,654,573
17, 16.474036932,649,573
17, 16.4846749306,642,572
17, 16.4946849346,636,570
17, 16.5044748783,630,566
17, 16.5147459507,623,561
17, 16.5241849422,614,553
17, 16.5337939262,601,545
17, 16.5445179939,587,533
17, 16.5537600517,576,524
17, 16.5643839836,567,516
17, 16.5739700794,557,506
17, 16.5844609737,545,497
17, 16.5946109295,530,485
17, 16.6035070419,516,473
17, 16.6133489609,503,462
17, 16.6238560677,492,454
17, 16.6337509155,485,448
17, 16.6440970898,474,441
17, 16.6534879208,462,438
17, 16.6641540527,450,436
17, 16.6736979485,440,436
17, 16.6837670803,433,434
17, 16.6933710575,429,433
17, 16.7041928768,425,433
17, 16.7133738995,422,432
17, 16.7240729332,421,432
17, 16.7335109711,419,432
17, 16.7526929379,418,432
17, 16.7630000114,418,431
17, 16.7731089592,417,430
17, 16.8417890072,416,430
17, 17.0424909592,414,429
17, 17.0516819954,411,428
17, 17.062194109,408,426
17, 17.0718829632,404,424
17, 17.082392931,397,420
17, 17.0916750431,389,414
17, 17.1021618843,382,406
17, 17.111397028,375,397
17, 17.1218969822,369,388
17, 17.1307489872,365,382
17, 17.1418609619,362,379
17, 17.1516740322,361,377
18, 17.4107859135,361,376
18, 17.4994330406,362,376
18, 17.510144949,368,378
18, 17.5198509693,377,383
18, 17.5300478935,388,393
18, 17.5393669605,399,402
18, 17.5497159958,411,415
18, 17.5598299503,424,427
18, 17.5691399574,440,438
18, 17.5801119804,458,453
18, 17.5900189877,478,472
18, 17.5998449326,496,494
18, 17.6097490788,512,510
18, 17.6193521023,536,526
18, 17.6284320354,553,537
18, 17.6393799782,565,547
18, 17.6497809887,575,558
18, 17.6585719585,581,567
18, 17.669588089,587,576
18, 17.6794230938,590,582
18, 17.6894650459,594,588
18, 17.6988749504,597,591
18, 17.7087020874,602,594
18, 17.7181630135,610,596
18, 17.7290670872,615,599
18, 17.7391180992,618,601
18, 17.7481739521,621,602
18, 17.7580831051,623,602
18, 17.7685549259,623,603
18, 17.8385379314,623,605
18, 17.848927021,623,606
18, 17.8585779667,625,610
18, 17.8680610657,626,614
18, 17.8785169125,627,617
18, 17.8873090744,627,619
18, 17.8982410431,628,620
19, 18.2371239662,628,619
19, 18.2464900017,628,618
19, 18.2555320263,626,617
19, 18.2666079998,622,615
19, 18.276722908,613,610
19, 18.2863259315,602,600
19, 18.2956869602,586,583
19, 18.3058838844,566,555
19, 18.3165450096,542,527
19, 18.3261330128,513,500
19, 18.3357439041,481,461
19, 18.345154047,455,427
19, 18.3562409878,432,401
19, 18.3657109737,403,374
19, 18.376199007,376,345
19, 18.3855509758,351,317
19, 18.3958079815,333,295
19, 18.4053299427,316,282
19, 18.4159851074,299,271
19, 18.4262928963,288,262
19, 18.4361739159,279,255
19, 18.4455170631,273,250
19, 18.455313921,268,247
19, 18.465223074,266,243
19, 18.4754269123,264,241
19, 18.4858059883,263,239
19, 18.4958388805,262,238
19, 18.5050210953,262,237
19, 18.5252370834,262,236
19, 18.6845710278,263,237
19, 18.6950900555,265,239
19, 18.7049210072,267,243
19, 18.7141239643,270,249
19, 18.72479105,275,256
19, 18.7345349789,281,262
19, 18.744093895,291,270
19, 18.7535278797,300,277
19, 18.7644939423,307,283
19, 18.7732019424,312,288
19, 18.7844240665,315,292
19, 18.7945408821,316,295
19, 18.80352211,316,296
20, 19.2129769325,316,297
20, 19.222162962,320,300
20, 19.2323210239,327,308
20, 19.2423789501,336,316
20, 19.2515349388,347,325
20, 19.2613298893,358,336
20, 19.2715399265,369,355
20, 19.2814929485,381,378
20, 19.2914290428,391,400
20, 19.3021540642,398,416
20, 19.3116869926,410,430
20, 19.3214299679,422,450
20, 19.3314929008,433,470
20, 19.3419780731,442,486
20, 19.3518390656,450,498
20, 19.3613541126,456,507
20, 19.3711810112,459,513
20, 19.3810179234,462,518
20, 19.3916559219,464,522
20, 19.400562048,466,526
20, 19.4117650986,468,530
20, 19.4208509922,471,534
20, 19.4306049347,471,536
20, 19.4407680035,472,537
20, 19.4509251118,473,537
20, 19.5310709476,475,539
20, 19.5407559872,479,542
20, 19.5505809784,483,544
20, 19.5604639053,488,549
20, 19.5706410408,493,553
20, 19.5808720589,499,558
20, 19.5897800922,501,561
20, 19.6000568867,505,565
20, 19.610131979,507,568
20, 19.6203150749,510,572
20, 19.6303839684,513,575
20, 19.6398949623,517,579
20, 19.6504769325,521,583
20, 19.6604509354,526,586
20, 19.6695430279,529,588
20, 19.6798861027,531,591
20, 19.6895689964,534,593
20, 19.6998550892,536,593
20, 19.7097280025,537,594
20, 20.4668869972,538,594
20, 20.4763309956,541,596
20, 20.4861869812,545,598
20, 20.4963190556,549,600
20, 20.5068929195,553,601
20, 20.5166959763,556,603
20, 20.5254950523,559,605
20, 20.5358850956,561,606
20, 20.5465559959,564,607
20, 20.5554909706,566,607
20, 20.5663540363,566,608
20, 20.58604002,567,609
21, 20.8943428993,567,608
21, 20.9047520161,563,606
21, 20.915268898,555,604
21, 20.9242939949,545,596
21, 20.9347350597,534,585
21, 20.9448449612,520,570
21, 20.9536180496,501,553
21, 20.9648621082,478,527
21, 20.9745709896,456,491
21, 20.9839909077,437,454
21, 20.9942240715,421,425
21, 21.0043110847,407,393
21, 21.0138111115,390,354
21, 21.0231399536,370,326
21, 21.0336999893,358,312
21, 21.0435340405,347,301
21, 21.0539679527,340,291
21, 21.062953949,334,284
21, 21.0744409561,330,278
21, 21.0838150978,326,272
21, 21.0937380791,323,268
21, 21.1046490669,319,264
21, 21.1134090424,314,261
21, 21.1236300468,311,259
21, 21.1340610981,309,257
21, 21.1433870792,306,257
21, 21.1540100574,305,256
21, 21.2435131073,306,256
21, 21.2832140923,307,256
21, 21.293268919,308,256
21, 21.3020288944,309,257
21, 21.3134009838,312,259
21, 21.32198596,317,261
21, 21.332695961,323,266
21, 21.342441082,329,270
21, 21.3527491093,335,275
21, 21.3620920181,341,281
21, 21.3729689121,347,285
21, 21.3823609352,350,288
21, 21.3925418854,353,290
21, 21.40279603,354,290
21, 21.4924919605,353,291
21, 21.5118939877,354,291
22, 21.7108271122,354,292
22, 21.7213189602,356,295
22, 21.7313270569,358,300
22, 21.7404699326,361,312
22, 21.7505350113,365,324
22, 21.761122942,371,338
22, 21.7699699402,376,353
22, 21.7805840969,381,375
22, 21.7899730206,388,405
22, 21.8004848957,395,429
22, 21.8105120659,404,454
22, 21.8208599091,416,488
22, 21.8302690983,426,519
22, 21.8406500816,436,541
22, 21.8506729603,442,555
22, 21.8600049019,447,569
22, 21.8692228794,453,581
22, 21.8795559406,457,595
22, 21.8893370628,459,604
22, 21.9002630711,463,611
22, 21.9100310802,465,615
22, 21.9193079472,466,617
22, 21.9304320812,468,618
22, 21.9797310829,470,618
22, 21.9894890785,473,619
22, 21.9998710155,476,621
22, 22.0093429089,481,624
22, 22.0189630985,484,627
22, 22.0287730694,488,632
22, 22.0394749641,492,634
22, 22.0495710373,495,637
22, 22.0590479374,498,639
22, 22.0692949295,501,641
22, 22.0788919926,504,642
22, 22.0894548893,505,643
22, 22.098637104,508,643
22, 22.1082179546,511,644
22, 22.1187810898,512,644
22, 22.1295199394,515,644
22, 22.1387419701,518,644
22, 22.1481380463,521,644
22, 22.1590321064,524,644
22, 22.1678628922,527,644
22, 22.1791639328,528,644
22, 22.1882390976,529,644
22, 22.1984100342,530,644
22, 22.3181900978,530,646
22, 22.3278939724,530,647
22, 22.3376998901,530,649
22, 22.3483190536,530,645
23, 22.4877820015,530,642
23, 22.4970469475,530,640
23, 22.5073618889,526,634
23, 22.5167849064,521,630
23, 22.5268418789,515,622
23, 22.5372159481,506,610
23, 22.5475170612,497,587
23, 22.5575020313,484,561
23, 22.566783905,472,533
23, 22.5769441128,459,492
23, 22.5868210793,442,450
23, 22.597192049,422,410
23, 22.6063220501,400,355
23, 22.6169230938,385,310
23, 22.6271491051,372,273
23, 22.6360359192,360,235
23, 22.6473510265,352,201
23, 22.656482935,345,177
23, 22.6669199467,339,163
23, 22.676117897,334,150
23, 22.6866149902,328,139
23, 22.6964530945,325,130
23, 22.7066791058,322,123
23, 22.7160980701,321,120
23, 22.7264668941,320,119
23, 22.7661190033,320,120
23, 22.7757759094,321,121
23, 22.7858688831,322,122
23, 22.7961680889,322,123
23, 22.8054549694,322,124
23, 22.8561189175,323,125
23, 22.865760088,324,126
23, 22.8750739098,326,127
23, 22.8858449459,330,130
23, 22.8951580524,338,138
23, 22.9059860706,346,146
23, 22.9159939289,354,155
23, 22.9255940914,366,166
23, 22.9356770515,379,178
23, 22.9454140663,388,187
23, 22.9557569027,395,196
23, 22.9653670788,399,202
23, 22.9759569168,399,206
23, 22.9853188992,399,209
23, 23.0050981045,399,210
23, 23.075191021,399,211
23, 23.0850360394,399,212
23, 23.0945301056,400,214
23, 23.1051928997,401,217
23, 23.1241919994,401,219
23, 23.1347239017,401,220
24, 23.5029819012,401,221
24, 23.5127470493,402,223
24, 23.5225579739,403,225
24, 23.5327908993,404,230
24, 23.5421578884,405,239
24, 23.5526630878,408,251
24, 23.5627119541,409,263
24, 23.5730490685,413,278
24, 23.5822250843,420,300
24, 23.5925350189,425,326
24, 23.6027400494,430,350
24, 23.6119639874,433,375
24, 23.6224908829,437,404
24, 23.6320450306,442,434
24, 23.6418309212,448,460
24, 23.6522951126,453,483
24, 23.662528038,456,506
24, 23.6715450287,459,521
24, 23.6817500591,463,533
24, 23.69105196,464,542
24, 23.7017059326,466,549
24, 23.711824894,466,551
24, 23.7215390205,466,554
24, 23.7505600452,466,551
24, 23.7803878784,464,554
24, 24.001502037,464,557
24, 24.0102949142,464,562
24, 24.0207970142,465,572
24, 24.0304028988,466,583
24, 24.040158987,468,593
24, 24.0506079197,470,601
24, 24.0598549843,471,610
24, 24.0708189011,473,620
24, 24.0806210041,475,632
24, 24.0899100304,476,642
24, 24.1003289223,477,651
24, 24.1097528934,478,658
24, 24.1201589108,479,662
24, 24.1305639744,480,666
24, 24.1404659748,483,671
24, 24.1496860981,484,675
24, 24.1604659557,486,679
24, 24.170363903,487,681
24, 24.1804800034,487,682
25, 24.508795023,487,683
25, 24.5175991058,487,685
25, 24.5277509689,487,687
25, 24.5479569435,487,688
25, 24.5781059265,487,686
25, 24.5884170532,486,680
25, 24.5979681015,483,670
25, 24.6069219112,478,641
25, 24.6173191071,476,590
25, 24.6280949116,471,521
25, 24.638035059,466,456
25, 24.6476171017,464,391
25, 24.6576290131,464,337
25, 24.667963028,461,292
25, 24.6777989864,461,268
25, 24.6874620914,461,252
25, 24.6979689598,461,240
25, 24.7070710659,461,235
25, 24.717621088,461,233
25, 24.7470550537,461,234
25, 24.7574350834,461,237
25, 24.7679769993,461,240
25, 24.776597023,461,243
25, 24.7867920399,462,243
25, 24.7973339558,462,245
25, 24.807404995,462,246
25, 24.8173820972,462,247
25, 24.8268089294,462,248
25, 24.8569641113,463,248
25, 24.9167020321,463,249
25, 24.9577789307,463,250
25, 24.9664759636,463,251
25, 24.9863679409,463,252
25, 25.0073330402,463,249
