StevenMouse,B
,2014-07-28
Target#, times, x, y 
0, 0.00657606124878,499,597
0, 0.0179681777954,503,594
0, 0.0260891914368,507,590
0, 0.0335800647736,511,585
0, 0.0498640537262,519,575
0, 0.0573019981384,526,567
0, 0.0664050579071,533,559
0, 0.0744440555573,539,549
0, 0.0821399688721,544,538
0, 0.0910851955414,554,522
0, 0.100978136063,562,511
0, 0.107738018036,569,492
0, 0.116908073425,575,476
0, 0.12518119812,579,458
0, 0.134790182114,586,421
0, 0.144277095795,592,399
0, 0.153187036514,594,376
0, 0.16073012352,598,350
0, 0.170637130737,600,324
0, 0.177859067917,602,297
0, 0.185747146606,602,271
0, 0.193946123123,602,244
0, 0.202242136002,602,216
0, 0.210915088654,602,188
0, 0.220729112625,602,163
0, 0.226958036423,602,139
0, 0.236483097076,601,117
0, 0.246113061905,597,75
0, 0.254255056381,594,56
0, 0.263714075089,590,40
0, 0.271610975266,587,24
0, 0.279946088791,582,11
0, 0.448306083679,497,10
0, 0.455032110214,494,20
0, 0.4644780159,491,31
0, 0.478996992111,484,47
0, 0.494144201279,479,58
0, 0.502114057541,477,63
0, 0.510400056839,474,66
0, 0.518774032593,473,69
0, 0.527297973633,472,71
0, 0.534793138504,471,72
0, 0.542674064636,470,73
0, 0.552297115326,470,74
0, 0.560850143433,469,75
0, 0.574241161346,468,77
0, 0.582813024521,467,78
0, 0.59037899971,466,79
0, 0.5983710289,465,79
0, 0.60644698143,464,80
1, 0.838051080704,464,88
1, 0.84617805481,464,98
1, 0.854156970978,464,111
1, 0.862231016159,464,127
1, 0.878993988037,464,173
1, 0.886139154434,464,202
1, 0.894389152527,467,232
1, 0.9019780159,471,265
1, 0.918790102005,478,331
1, 0.926263093948,482,366
1, 0.934559106827,484,396
1, 0.94323515892,486,427
1, 0.950437068939,486,457
1, 0.96647810936,488,510
1, 0.975020170212,488,534
1, 0.982583045959,488,556
1, 0.991146087646,488,578
1, 1.0064470768,488,615
1, 1.0141711235,488,626
1, 1.02208399773,488,636
1, 1.0305390358,488,645
1, 1.03995704651,488,649
1, 1.05460000038,488,658
1, 1.0620059967,488,661
1, 1.07108211517,488,664
1, 1.07827711105,488,668
1, 1.09482312202,487,674
1, 1.10233807564,486,677
1, 1.11036109924,484,680
1, 1.11866617203,482,683
1, 1.12657499313,481,688
1, 1.13459706306,479,693
1, 1.143679142,475,698
1, 1.15212917328,470,703
1, 1.16061615944,464,712
1, 1.16936302185,456,719
1, 1.17733216286,447,729
1, 1.18678402901,441,736
1, 1.19864106178,429,748
1, 1.2063100338,425,753
1, 1.21537709236,423,757
1, 1.22355914116,420,759
1, 1.23624300957,420,761
1, 1.23945617676,420,763
1, 1.24839806557,419,765
1, 1.25574111938,419,768
1, 1.26362109184,419,770
1, 1.27209615707,419,772
1, 1.27984809875,419,775
1, 1.29093003273,419,779
1, 1.2961370945,419,782
1, 1.30545496941,419,787
1, 1.31351709366,419,790
1, 1.32223105431,419,795
1, 1.32988619804,421,798
1, 1.33923006058,421,802
1, 1.34848403931,421,805
1, 1.35757017136,422,812
1, 1.36622619629,423,814
1, 1.37450313568,423,816
1, 1.38941812515,424,818
1, 1.39874410629,426,823
1, 1.40683197975,427,824
1, 1.41493606567,427,825
1, 1.43069696426,428,827
1, 1.43819999695,428,828
1, 1.45737099648,429,828
1, 1.47796010971,429,829
1, 1.49557304382,429,830
2, 1.6939291954,430,830
2, 1.70224905014,430,823
2, 1.71056699753,430,815
2, 1.71826004982,431,802
2, 1.72606396675,433,786
2, 1.7425429821,437,745
2, 1.75100398064,441,721
2, 1.75817918777,445,697
2, 1.7741651535,457,651
2, 1.78326511383,463,625
2, 1.79134106636,473,599
2, 1.79841017723,481,570
2, 1.80615496635,490,542
2, 1.81493997574,498,511
2, 1.82411599159,508,478
2, 1.8333261013,516,448
2, 1.83935618401,524,415
2, 1.84813499451,532,387
2, 1.85544800758,540,360
2, 1.86697697639,549,336
2, 1.87290501595,555,314
2, 1.88049507141,558,299
2, 1.88849401474,561,286
2, 1.89816713333,564,275
2, 1.90590405464,567,267
2, 1.9151160717,570,261
2, 1.9226140976,571,256
2, 1.93237519264,572,251
2, 1.94127011299,573,248
2, 1.9519610405,574,242
2, 1.95801997185,575,240
2, 1.96662211418,575,238
2, 1.97442698479,576,236
2, 1.99107813835,577,233
2, 1.99845004082,578,232
2, 2.00624299049,579,231
2, 2.01941418648,580,229
2, 2.02392315865,581,225
2, 2.03232502937,584,222
2, 2.04191708565,586,216
2, 2.04960012436,589,209
2, 2.0568561554,592,203
2, 2.07391309738,599,191
2, 2.08665919304,602,181
2, 2.09460711479,603,178
2, 2.10237312317,605,174
2, 2.11814403534,606,167
2, 2.12592196465,606,164
2, 2.13427519798,606,161
2, 2.1430811882,606,156
2, 2.15021419525,606,151
2, 2.16636610031,603,143
2, 2.17524313927,601,141
2, 2.18292808533,599,137
2, 2.19030117989,596,135
2, 2.20675110817,594,131
2, 2.21410799026,592,129
2, 2.22203397751,591,127
2, 2.23030209541,589,125
2, 2.23935699463,588,123
2, 2.24886417389,586,121
2, 2.26238012314,580,117
2, 2.27040505409,578,114
2, 2.27853608131,574,112
2, 2.28653907776,572,110
2, 2.29549717903,570,108
2, 2.30409908295,568,105
2, 2.31854915619,568,104
2, 2.3260819912,567,104
3, 2.51889514923,563,104
3, 2.52625799179,559,112
3, 2.54347705841,544,138
3, 2.5501871109,536,154
3, 2.55805015564,524,178
3, 2.56616210938,509,206
3, 2.57464313507,495,237
3, 2.58316397667,477,267
3, 2.59955716133,448,337
3, 2.60720705986,431,375
3, 2.62312507629,398,442
3, 2.63924908638,374,508
3, 2.64634418488,364,536
3, 2.65417718887,352,563
3, 2.66990208626,334,611
3, 2.67849898338,325,635
3, 2.68649697304,315,659
3, 2.69421315193,307,681
3, 2.706387043,299,703
3, 2.71079611778,293,725
3, 2.72096705437,288,744
3, 2.72798514366,282,763
3, 2.73930001259,279,778
3, 2.74407696724,275,791
3, 2.75875997543,273,810
3, 2.76651501656,270,818
3, 2.77431702614,267,825
3, 2.78307509422,266,829
3, 2.80248618126,263,836
3, 2.80612397194,262,840
3, 2.81481814384,261,841
3, 2.82284212112,261,843
3, 2.83834600449,259,847
3, 2.84615707397,259,849
3, 2.85438799858,259,851
3, 2.86230802536,259,855
3, 2.87791609764,263,860
3, 2.88673996925,267,864
3, 2.8945171833,270,866
3, 2.90222096443,275,870
3, 2.91010403633,280,872
3, 2.91927719116,285,873
3, 2.92666697502,289,873
3, 2.9450981617,297,873
3, 2.94983816147,302,873
3, 2.95893907547,306,873
3, 2.96817302704,309,873
3, 2.97626519203,312,872
3, 2.98446202278,316,870
3, 2.9944190979,318,866
3, 3.0003721714,320,864
3, 3.00946998596,322,861
3, 3.01837611198,323,859
3, 3.02998900414,327,854
3, 3.03833699226,328,853
3, 3.04677200317,329,851
3, 3.05818009377,330,850
3, 3.0625140667,331,849
3, 3.07217097282,332,848
3, 3.08010005951,333,846
3, 3.08822703362,334,845
3, 3.09574913979,335,843
3, 3.10518217087,335,842
3, 3.11233711243,336,841
3, 3.12876105309,336,840
3, 3.14064216614,336,839
3, 3.17212605476,336,838
3, 3.18051218987,336,837
3, 3.20683908463,336,834
3, 3.21563696861,336,832
3, 3.22383403778,336,830
3, 3.23298311234,336,829
3, 3.24490714073,336,827
4, 3.34034705162,336,825
4, 3.34940600395,337,820
4, 3.35709619522,338,815
4, 3.36620998383,342,810
4, 3.37389111519,346,805
4, 3.38940596581,353,793
4, 3.39590811729,361,784
4, 3.40429496765,369,772
4, 3.41242313385,382,757
4, 3.41980814934,398,739
4, 3.42847108841,418,717
4, 3.43719506264,439,692
4, 3.44508314133,459,666
4, 3.45380616188,480,639
4, 3.46363997459,500,609
4, 3.47071003914,521,576
4, 3.47889208794,541,538
4, 3.48953509331,558,501
4, 3.49890804291,577,462
4, 3.50584197044,589,422
4, 3.51590108871,618,354
4, 3.52426505089,632,322
4, 3.53432607651,647,289
4, 3.54092216492,659,258
4, 3.54879307747,671,230
4, 3.55635309219,681,206
4, 3.56494116783,691,184
4, 3.57367801666,699,165
4, 3.58335518837,704,149
4, 3.59005212784,707,141
4, 3.59956717491,709,135
4, 3.61497998238,711,129
4, 3.62025499344,711,128
4, 3.74991106987,711,130
4, 3.75590419769,710,131
4, 3.76443600655,708,134
4, 3.78213500977,704,140
4, 3.78801012039,701,142
4, 3.79642701149,699,145
4, 3.80488419533,697,146
4, 3.81278014183,695,147
4, 3.82122898102,693,148
4, 3.83007097244,691,149
4, 3.83804917336,688,149
4, 3.84933304787,687,149
4, 3.86078906059,683,149
4, 3.86850214005,681,149
4, 3.87666916847,680,149
4, 3.88421797752,679,149
4, 3.89239406586,677,149
4, 3.90932011604,675,148
4, 3.91618800163,673,147
4, 3.9244260788,672,147
4, 3.93230104446,670,146
4, 3.94100213051,668,146
4, 3.94941020012,667,145
5, 4.11871814728,666,145
5, 4.1238720417,662,146
5, 4.1325981617,658,151
5, 4.14024400711,653,156
5, 4.1501121521,646,165
5, 4.15659403801,635,177
5, 4.16525316238,619,193
5, 4.174036026,601,213
5, 4.18262219429,579,236
5, 4.19684004784,534,281
5, 4.21229100227,487,334
5, 4.22026014328,462,367
5, 4.2288980484,439,398
5, 4.23629999161,414,429
5, 4.25261497498,371,493
5, 4.26004600525,355,522
5, 4.26887702942,336,550
5, 4.2760951519,322,579
5, 4.28489303589,306,603
5, 4.29387998581,294,627
5, 4.30310416222,282,651
5, 4.31004118919,270,673
5, 4.31898617744,258,695
5, 4.33556509018,244,727
5, 4.33994913101,239,740
5, 4.34917712212,235,748
5, 4.35652518272,231,756
5, 4.36507415771,227,764
5, 4.37440800667,223,773
5, 4.38821005821,217,789
5, 4.39714002609,216,798
5, 4.40435314178,214,806
5, 4.42043805122,206,825
5, 4.42870402336,200,835
5, 4.43611311913,189,847
5, 4.44432497025,181,859
5, 4.46014213562,163,880
5, 4.46876716614,155,891
5, 4.47599816322,149,900
5, 4.48502397537,144,911
5, 4.49426698685,141,921
5, 4.50162100792,141,928
5, 4.51048016548,141,934
5, 4.51955318451,141,936
5, 4.53232216835,145,936
5, 4.54028916359,147,936
5, 4.54906010628,148,936
5, 4.56468319893,153,933
5, 4.57249212265,156,929
5, 4.58207011223,159,927
5, 4.59048604965,163,922
5, 4.59880304337,168,917
5, 4.60681605339,173,912
5, 4.61620402336,180,904
5, 4.62477111816,188,897
5, 4.63192009926,195,889
5, 4.64008903503,202,884
5, 4.64877200127,207,880
5, 4.6571700573,212,875
5, 4.66662096977,216,872
5, 4.67778897285,221,867
5, 4.68393015862,222,865
5, 4.69352507591,223,864
5, 4.70024609566,224,863
5, 4.70885014534,224,862
5, 4.72483897209,225,860
5, 4.73264503479,225,859
5, 4.74033117294,226,858
5, 4.74828600883,226,856
5, 4.76456809044,226,852
5, 4.77245998383,226,850
5, 4.78011012077,227,849
5, 4.78845000267,227,845
5, 4.79670810699,227,843
5, 4.81641697884,230,839
5, 4.81999397278,231,837
5, 4.82866811752,232,834
5, 4.83797001839,233,832
5, 4.84674310684,234,830
5, 4.8600871563,236,825
5, 4.86832499504,237,823
5, 4.87759304047,237,819
5, 4.89254212379,238,812
5, 4.90054917336,239,809
5, 4.90856814384,239,807
5, 4.91941809654,240,805
5, 4.92694306374,240,801
5, 4.93460512161,241,799
5, 4.94391918182,241,796
5, 4.95834898949,241,789
5, 4.965280056,241,786
5, 4.97263717651,242,784
5, 4.98140001297,242,780
5, 4.98873305321,242,777
5, 4.99798202515,242,775
5, 5.00731897354,242,773
5, 5.01691603661,243,773
5, 5.02432203293,243,772
6, 5.2048330307,244,771
6, 5.21434903145,249,766
6, 5.22802710533,267,752
6, 5.23652219772,280,742
6, 5.24421405792,298,728
6, 5.2529861927,320,714
6, 5.259786129,342,697
6, 5.27694296837,389,659
6, 5.28428316116,413,639
6, 5.29338908195,438,616
6, 5.30236196518,460,592
6, 5.30951619148,482,571
6, 5.31791806221,500,549
6, 5.32676911354,519,529
6, 5.33560204506,533,509
6, 5.34375,543,495
6, 5.35230898857,552,479
6, 5.36107516289,557,466
6, 5.36869907379,562,453
6, 5.37694001198,565,443
6, 5.38580918312,569,432
6, 5.39475512505,572,422
6, 5.40461802483,576,407
6, 5.41215014458,579,401
6, 5.42067098618,580,396
6, 5.42870402336,582,391
6, 5.44410300255,583,387
6, 5.45255303383,584,385
6, 5.46037817001,584,384
6, 5.47697901726,584,383
6, 5.5156211853,585,382
6, 5.53287100792,586,381
6, 5.54001498222,586,379
6, 5.54851317406,587,378
6, 5.55596208572,587,377
6, 5.56587600708,588,376
6, 5.57398605347,589,375
6, 5.58201098442,590,374
6, 5.59109306335,592,371
6, 5.59874916077,596,366
6, 5.6074051857,602,359
6, 5.61995196342,624,339
6, 5.62888097763,636,326
6, 5.63740205765,651,313
6, 5.64438414574,668,302
6, 5.65323114395,682,291
6, 5.66610002518,707,271
6, 5.67648601532,718,259
6, 5.6839029789,725,252
6, 5.69317102432,731,245
6, 5.70089411736,737,236
6, 5.70898413658,740,231
6, 5.71850514412,743,224
6, 5.72666215897,745,219
6, 5.73527216911,747,213
6, 5.74376797676,749,208
6, 5.75229001045,749,204
6, 5.7623770237,750,200
6, 5.76785612106,750,197
6, 5.77726912498,750,193
6, 5.78526902199,751,191
6, 5.79389619827,751,189
6, 5.80121803284,751,188
6, 5.80896401405,751,187
6, 5.81704807281,751,186
6, 5.82679414749,751,184
6, 5.85093808174,751,183
6, 5.93941497803,751,184
6, 5.95454907417,751,185
7, 6.12237906456,751,183
7, 6.13114213943,750,180
7, 6.139108181,749,180
7, 6.15439009666,748,180
7, 6.16259217262,746,180
7, 6.17105412483,741,180
7, 6.17997097969,736,183
7, 6.18814396858,731,187
7, 6.19679903984,722,194
7, 6.20502305031,713,204
7, 6.214012146,696,215
7, 6.22145318985,676,231
7, 6.23227214813,653,250
7, 6.2382349968,627,270
7, 6.24752497673,598,288
7, 6.25745511055,567,309
7, 6.26581907272,504,352
7, 6.27498102188,473,371
7, 6.28606319427,442,391
7, 6.29858613014,384,441
7, 6.3066971302,360,465
7, 6.31585502625,337,490
7, 6.32196903229,319,516
7, 6.33062314987,303,540
7, 6.34816718102,277,591
7, 6.35454511642,265,615
7, 6.36255598068,255,639
7, 6.37970399857,239,680
7, 6.38641810417,234,696
7, 6.3944671154,228,714
7, 6.40231800079,223,730
7, 6.41258811951,216,743
7, 6.41912412643,212,756
7, 6.43441820145,197,776
7, 6.44282317162,192,781
7, 6.45002818108,187,786
7, 6.45944714546,182,790
7, 6.46699714661,179,791
7, 6.47702503204,176,794
7, 6.48378515244,174,795
7, 6.49141907692,170,796
7, 6.50117015839,167,797
7, 6.50955510139,162,798
7, 6.51684904099,159,799
7, 6.52665996552,154,803
7, 6.53533697128,149,805
7, 6.54621601105,143,807
7, 6.55404615402,142,808
7, 6.56215715408,141,808
7, 6.61056208611,141,806
7, 6.61995410919,141,803
7, 6.62645506859,141,798
7, 6.63450598717,141,795
7, 6.64316606522,141,791
7, 6.65212917328,142,788
7, 6.66577315331,145,781
7, 6.68214607239,147,776
7, 6.69009804726,148,772
7, 6.70238304138,151,767
7, 6.7060251236,151,763
7, 6.7150220871,153,759
7, 6.72275304794,155,755
7, 6.73348808289,158,750
7, 6.74608302116,162,743
7, 6.76518106461,165,740
7, 6.76800298691,165,739
7, 6.78608703613,166,739
7, 6.89646100998,167,738
7, 6.90419006348,169,737
7, 6.91235113144,172,736
7, 6.92077708244,174,733
7, 6.92822313309,175,732
7, 6.93746304512,177,731
7, 6.94661903381,177,730
7, 6.95503616333,178,729
7, 6.97004199028,180,728
7, 6.99321007729,180,727
7, 7.00040912628,181,726
7, 7.00848317146,181,725
7, 7.02506518364,183,724
7, 7.03410410881,183,723
8, 7.21812605858,188,718
8, 7.2269411087,199,711
8, 7.23661613464,210,703
8, 7.24845314026,246,673
8, 7.25614500046,268,655
8, 7.26581001282,293,637
8, 7.27309513092,315,619
8, 7.2815849781,335,603
8, 7.28999114037,353,587
8, 7.29938817024,371,571
8, 7.31022310257,389,557
8, 7.3161110878,407,541
8, 7.32508802414,425,522
8, 7.33463716507,443,504
8, 7.34221100807,461,486
8, 7.35048913956,482,468
8, 7.35842514038,500,450
8, 7.36624717712,520,432
8, 7.37588310242,558,395
8, 7.38435196877,578,379
8, 7.39332914352,596,363
8, 7.41243100166,629,336
8, 7.41680908203,644,323
8, 7.42487716675,656,315
8, 7.43301606178,665,305
8, 7.44183516502,677,297
8, 7.44905114174,686,291
8, 7.45854115486,696,285
8, 7.46609711647,705,279
8, 7.47649312019,714,275
8, 7.48304009438,724,269
8, 7.49164915085,730,266
8, 7.50176811218,739,262
8, 7.51006102562,743,260
8, 7.51882600784,748,257
8, 7.52681517601,751,255
8, 7.53564500809,757,253
8, 7.54448008537,759,252
8, 7.55259799957,762,251
8, 7.56555914879,766,250
8, 7.57659196854,783,247
8, 7.58525300026,793,245
8, 7.59337115288,806,244
8, 7.60086297989,819,242
8, 7.60976600647,832,241
8, 7.61706519127,843,239
8, 7.62552905083,851,239
8, 7.63310718536,856,239
8, 7.64085507393,857,239
8, 7.64916110039,858,239
8, 7.7216861248,858,242
8, 7.73123216629,858,243
8, 7.7446231842,855,248
8, 7.75381803513,854,251
8, 7.76278805733,853,253
8, 7.77205896378,851,254
8, 7.779692173,849,258
8, 7.7881860733,845,260
8, 7.79878902435,837,266
8, 7.80668401718,830,269
8, 7.81467008591,824,272
8, 7.82533216476,818,275
8, 7.83515810966,810,278
8, 7.84692502022,791,283
8, 7.85467910767,783,285
8, 7.86377596855,774,288
8, 7.87026309967,766,289
8, 7.88024902344,760,290
8, 7.89410996437,749,291
8, 7.90313911438,747,293
8, 7.91142296791,746,293
8, 8.11813616753,747,292
8, 8.12669014931,749,290
8, 8.13716602325,753,289
8, 8.14521217346,755,288
8, 8.15317606926,757,286
8, 8.16194009781,759,285
8, 8.17063307762,761,284
8, 8.18313503265,767,280
8, 8.19071316719,768,279
8, 8.19839406013,769,278
8, 8.21464800835,771,276
8, 8.22215008736,772,276
8, 8.23106718063,773,276
8, 8.23815917969,774,275
8, 8.25440597534,776,274
8, 8.26298499107,777,274
8, 8.27041697502,777,273
8, 8.28642416,778,273
9, 8.43103504181,774,276
9, 8.43923711777,765,282
9, 8.44684910774,752,289
9, 8.45666313171,736,296
9, 8.46390318871,714,308
9, 8.4739151001,690,316
9, 8.48241901398,664,328
9, 8.49029111862,637,340
9, 8.49977707863,609,354
9, 8.50720906258,581,366
9, 8.5182621479,532,392
9, 8.52657699585,508,407
9, 8.53440904617,484,419
9, 8.54307103157,464,431
9, 8.55046415329,442,443
9, 8.55962610245,422,457
9, 8.56829810143,402,471
9, 8.57721304893,382,485
9, 8.58549714088,362,499
9, 8.59583997726,342,513
9, 8.60137009621,322,527
9, 8.61533308029,286,557
9, 8.62204909325,271,570
9, 8.63093614578,260,584
9, 8.63924598694,250,598
9, 8.65504002571,229,621
9, 8.6625430584,223,630
9, 8.6705031395,217,639
9, 8.67997717857,211,648
9, 8.69874501228,207,658
9, 8.70197796822,204,661
9, 8.7105910778,203,662
9, 8.72672820091,202,663
9, 8.75839209557,200,663
9, 8.76735711098,198,663
9, 8.77450919151,193,666
9, 8.78302502632,189,666
9, 8.79165005684,182,667
9, 8.80432510376,167,670
9, 8.8154900074,161,671
9, 8.82288908958,156,672
9, 8.83055305481,151,673
9, 8.83899211884,146,673
9, 8.85582518578,141,676
9, 8.86877512932,139,676
9, 8.87698698044,135,677
9, 8.88750219345,130,677
9, 8.90228104591,127,677
9, 8.91037011147,126,677
9, 8.950330019,125,676
9, 8.9579911232,125,675
9, 8.97284412384,124,671
9, 8.98447918892,124,670
9, 8.99007201195,124,669
9, 9.00514602661,124,666
9, 9.01270198822,124,665
9, 9.02267217636,124,663
9, 9.0307841301,124,662
9, 9.03856897354,124,661
9, 9.04718613625,124,660
9, 9.05611014366,124,659
9, 9.06399202347,124,657
9, 9.07170009613,124,656
9, 9.08063197136,124,655
9, 9.08958315849,124,654
9, 9.09800601006,124,653
9, 9.10824012756,124,652
9, 9.1199760437,124,651
9, 9.14075708389,125,650
9, 9.15232205391,125,649
10, 9.30200719833,128,647
10, 9.30848813057,134,644
10, 9.31692504883,141,642
10, 9.33256816864,169,632
10, 9.3402030468,191,626
10, 9.34842801094,215,618
10, 9.35649704933,242,607
10, 9.37200212479,298,589
10, 9.38089418411,327,581
10, 9.39200496674,355,571
10, 9.39651703835,382,561
10, 9.40476202965,408,549
10, 9.41437697411,436,537
10, 9.42849612236,493,510
10, 9.43582010269,517,498
10, 9.44492006302,543,486
10, 9.45377802849,565,474
10, 9.46391916275,587,462
10, 9.47124004364,606,453
10, 9.48029613495,622,444
10, 9.48835015297,636,435
10, 9.49818205833,652,426
10, 9.50582098961,666,416
10, 9.51490807533,677,408
10, 9.52139902115,688,400
10, 9.53093004227,697,392
10, 9.53829813004,706,386
10, 9.54952001572,718,376
10, 9.56547808647,725,368
10, 9.57222604752,728,365
10, 9.58788919449,732,361
10, 9.59801197052,734,358
10, 9.60544109344,738,356
10, 9.62017202377,746,353
10, 9.6288151741,751,351
10, 9.63578414917,757,351
10, 9.64421200752,763,351
10, 9.65239906311,769,351
10, 9.66832304001,779,351
10, 9.67637300491,782,351
10, 9.68516206741,786,352
10, 9.69271397591,789,353
10, 9.7039911747,791,354
10, 9.70879817009,796,355
10, 9.71787405014,801,355
10, 9.72599601746,806,356
10, 9.73491311073,812,356
10, 9.74321317673,817,356
10, 9.75628805161,826,356
10, 9.76494812965,829,356
10, 9.77257108688,832,356
10, 9.7803170681,833,356
10, 9.79729413986,834,356
11, 10.0285270214,830,357
11, 10.0362701416,821,363
11, 10.0509691238,788,379
11, 10.0599730015,766,387
11, 10.0688509941,738,397
11, 10.0761311054,709,405
11, 10.0905160904,645,428
11, 10.0992121696,610,438
11, 10.1088759899,577,450
11, 10.1162350178,542,463
11, 10.1305661201,478,487
11, 10.1381540298,454,497
11, 10.147133112,430,507
11, 10.1543741226,408,517
11, 10.1625900269,386,527
11, 10.1718761921,364,537
11, 10.1802940369,344,546
11, 10.1937329769,306,559
11, 10.2027649879,287,566
11, 10.2102861404,269,572
11, 10.2202861309,250,577
11, 10.2286231518,228,583
11, 10.2422890663,193,593
11, 10.2505021095,177,596
11, 10.2593941689,162,600
11, 10.2686891556,149,603
11, 10.2762861252,136,606
11, 10.2848730087,125,608
11, 10.2939300537,115,609
11, 10.3014709949,106,610
11, 10.3094921112,100,612
11, 10.3190491199,98,612
11, 10.3275971413,96,612
11, 10.3869891167,95,612
11, 10.4024710655,94,612
11, 10.4182059765,93,612
11, 10.4585831165,93,611
11, 10.4820981026,93,610
11, 10.4902281761,93,607
11, 10.4983429909,93,605
11, 10.5063211918,93,603
11, 10.5143151283,93,601
11, 10.522644043,93,598
11, 10.5316150188,93,596
11, 10.5402441025,93,593
11, 10.5483820438,93,591
11, 10.5564000607,93,589
11, 10.5662059784,93,587
11, 10.5745739937,93,585
11, 10.5863230228,93,582
11, 10.5944640636,93,580
11, 10.6026229858,93,579
11, 10.6118571758,93,578
11, 10.6262800694,93,576
11, 10.6505401134,93,575
11, 10.6661331654,93,574
11, 10.6744019985,93,573
11, 10.6910200119,94,572
11, 10.7222189903,94,571
12, 10.8660190105,96,570
12, 10.8765621185,98,568
12, 10.8822391033,102,565
12, 10.8902740479,104,563
12, 10.8983080387,106,562
12, 10.9071791172,108,560
12, 10.918364048,110,559
12, 10.92593503,111,558
12, 10.9327311516,112,557
12, 10.9413239956,114,556
12, 10.9511561394,114,555
12, 10.9627940655,116,554
12, 10.9704561234,119,553
12, 10.9810039997,120,552
12, 10.9878621101,122,550
12, 10.9957849979,126,548
12, 11.0043950081,131,547
12, 11.013767004,139,544
12, 11.0223221779,152,543
12, 11.0302569866,168,541
12, 11.0406911373,187,539
12, 11.0473330021,215,533
12, 11.0562310219,248,529
12, 11.0643761158,285,527
12, 11.0726451874,325,522
12, 11.0807561874,367,514
12, 11.0903570652,452,502
12, 11.0980510712,492,493
12, 11.1063661575,529,485
12, 11.115085125,562,477
12, 11.1232020855,597,467
12, 11.134016037,627,458
12, 11.1428291798,654,450
12, 11.1474721432,678,444
12, 11.1560840607,697,437
12, 11.1648690701,716,431
12, 11.1735429764,731,426
12, 11.1832699776,742,423
12, 11.1895191669,752,420
12, 11.1991181374,757,418
12, 11.2067170143,762,416
12, 11.2153811455,766,416
12, 11.2227351665,767,415
12, 11.2332839966,769,414
12, 11.2496781349,773,414
12, 11.2564339638,779,413
12, 11.2659189701,792,413
12, 11.2747921944,817,413
12, 11.2833151817,850,413
12, 11.2920839787,889,413
12, 11.3024830818,931,413
12, 11.5286660194,948,443
12, 11.5370411873,940,443
12, 11.5457279682,931,443
12, 11.5537810326,923,444
12, 11.567898035,907,444
12, 11.5844180584,896,444
12, 11.5920879841,892,444
12, 11.6006660461,891,444
12, 11.6083450317,890,444
12, 11.6247801781,889,444
12, 11.664506197,888,444
12, 11.6725120544,887,444
12, 11.6802799702,886,444
12, 11.6880199909,885,444
12, 11.6980440617,884,444
12, 11.7063031197,883,444
12, 11.714621067,882,444
12, 11.7238161564,880,444
12, 11.7322061062,879,444
12, 11.7402510643,877,444
12, 11.7500350475,876,444
12, 11.7581231594,874,444
12, 11.7756960392,872,445
12, 11.8007910252,871,445
12, 11.8080570698,870,446
12, 11.8161230087,869,446
12, 11.8251550198,867,447
12, 11.8323481083,863,448
12, 11.8411440849,860,449
12, 11.849542141,855,450
12, 11.8567121029,853,451
12, 11.8720040321,849,452
12, 11.8809511662,848,452
12, 11.888269186,847,453
13, 12.0727741718,842,453
13, 12.0799629688,834,455
13, 12.0963411331,796,457
13, 12.1045789719,770,457
13, 12.1130111217,737,457
13, 12.1204571724,702,457
13, 12.1287660599,663,457
13, 12.1363229752,625,459
13, 12.1449420452,584,459
13, 12.160323143,505,461
13, 12.1679091454,468,461
13, 12.17674613,439,463
13, 12.1845641136,413,465
13, 12.1937000751,391,465
13, 12.2036139965,375,465
13, 12.2093839645,362,467
13, 12.218239069,354,467
13, 12.2254390717,351,467
13, 12.2340581417,346,468
13, 12.242347002,344,468
13, 12.2505800724,342,469
13, 12.258587122,339,469
13, 12.2678170204,337,470
13, 12.275758028,334,471
13, 12.2844309807,328,474
13, 12.2916271687,323,475
13, 12.3065609932,304,476
13, 12.3123600483,294,476
13, 12.319986105,281,478
13, 12.3291680813,262,480
13, 12.336810112,240,480
13, 12.3522241116,190,480
13, 12.3606410027,165,480
13, 12.3679611683,141,480
13, 12.3760900497,117,479
13, 12.384442091,98,477
13, 12.4003250599,77,474
13, 12.4083321095,72,473
13, 12.4165050983,70,472
13, 12.4241790771,68,472
13, 12.4335410595,68,471
13, 12.4487040043,66,471
13, 12.4561400414,65,470
13, 12.4648091793,63,470
13, 12.473940134,60,470
13, 12.4814341068,56,469
13, 12.4964311123,48,469
13, 12.5039710999,43,469
13, 12.513092041,39,467
13, 12.5221450329,34,467
13, 12.5304121971,31,466
13, 12.5380971432,28,466
13, 12.5465331078,26,465
13, 12.5541369915,25,465
13, 12.6161429882,25,464
13, 12.6397521496,25,463
13, 12.6481189728,25,462
13, 12.6560890675,27,461
13, 12.66715312,31,460
13, 12.6721031666,32,459
13, 12.6804511547,35,457
13, 12.6881489754,36,457
13, 12.6983339787,38,456
13, 12.7058250904,39,455
13, 12.7147431374,40,455
13, 12.7241652012,42,455
13, 12.733631134,43,455
13, 12.7415680885,44,455
13, 12.7487900257,45,455
13, 12.7603960037,46,455
13, 12.7761201859,47,455
13, 12.7840681076,48,455
13, 12.8007740974,49,455
13, 12.80788517,50,455
13, 12.8242690563,52,456
13, 12.8333420753,53,456
13, 12.8406250477,54,456
13, 12.8480901718,55,457
13, 12.8560349941,56,457
13, 12.8654251099,57,457
13, 12.8804891109,59,457
13, 12.8878769875,60,457
13, 12.8962750435,61,457
13, 12.9050350189,62,457
13, 12.9287641048,63,457
13, 12.9364671707,64,457
13, 12.9453501701,64,458
13, 12.9546911716,65,458
13, 12.9620611668,66,458
13, 12.9705719948,67,458
13, 12.978976965,68,458
13, 12.9869589806,69,458
13, 12.9979970455,70,458
13, 13.0058012009,71,458
13, 13.0142741203,72,458
13, 13.0214841366,73,459
13, 13.0295600891,74,459
13, 13.037856102,75,459
13, 13.0482130051,76,459
13, 13.064371109,77,459
14, 13.512624979,81,459
14, 13.5204470158,87,459
14, 13.5295631886,100,459
14, 13.5360820293,124,459
14, 13.5525209904,183,459
14, 13.5613110065,220,459
14, 13.5680260658,260,458
14, 13.5765070915,302,454
14, 13.5850031376,341,451
14, 13.6007189751,418,443
14, 13.6080451012,450,441
14, 13.6161680222,479,441
14, 13.6243519783,503,439
14, 13.6336131096,522,439
14, 13.6484591961,543,439
14, 13.656414032,546,439
14, 13.6650249958,548,439
14, 13.6806721687,550,439
14, 13.6882681847,551,439
14, 13.6997110844,554,439
14, 13.7037901878,556,439
14, 13.7124340534,560,439
14, 13.7291181087,570,439
14, 13.7374010086,576,439
14, 13.7440700531,582,439
14, 13.7604861259,593,441
14, 13.7705070972,598,442
14, 13.77571702,600,443
14, 13.7852380276,602,444
14, 13.7926449776,605,445
14, 13.8033721447,605,447
14, 13.8111701012,607,449
14, 13.8190569878,607,451
14, 13.8283450603,608,455
14, 13.8402671814,613,463
14, 13.8481609821,616,468
14, 13.8565311432,620,473
14, 13.8640041351,629,479
14, 13.8718001842,638,485
14, 13.8889050484,670,499
14, 13.8961820602,692,505
14, 13.9038469791,716,511
14, 13.9130511284,740,515
14, 13.9209220409,756,518
14, 13.9364151955,793,518
14, 13.9444410801,806,520
14, 13.9522440434,819,520
14, 13.9630441666,830,522
14, 13.976044178,843,522
14, 13.9841580391,846,522
14, 13.992331028,850,522
14, 13.9998760223,852,522
14, 14.0086340904,853,522
14, 14.232653141,853,524
14, 14.2402281761,853,526
14, 14.2482070923,853,528
14, 14.2563171387,853,530
14, 14.272395134,852,534
14, 14.2802450657,852,535
14, 14.288421154,852,537
14, 14.2959120274,852,538
14, 14.3047540188,852,539
14, 14.3127791882,852,540
15, 14.4328970909,849,540
15, 14.4416720867,845,540
15, 14.4523160458,836,537
15, 14.4883081913,771,507
15, 14.4961709976,636,456
15, 14.5050601959,601,443
15, 14.5126039982,564,431
15, 14.5288391113,473,410
15, 14.536698103,434,401
15, 14.5447611809,395,393
15, 14.5604081154,331,381
15, 14.568185091,309,375
15, 14.5758490562,293,370
15, 14.5838329792,285,367
15, 14.5926930904,280,364
15, 14.6007671356,278,362
15, 14.6160361767,275,359
15, 14.6241521835,274,357
15, 14.6343791485,273,356
15, 14.6400601864,272,354
15, 14.649394989,271,353
15, 14.666421175,267,351
15, 14.6719691753,263,349
15, 14.6811511517,258,348
15, 14.688024044,250,348
15, 14.7041540146,231,345
15, 14.7123861313,218,345
15, 14.7205290794,198,345
15, 14.7322020531,179,343
15, 14.737306118,157,341
15, 14.7452189922,133,341
15, 14.7606790066,87,337
15, 14.7682850361,65,335
15, 14.7775800228,45,335
15, 14.7844831944,32,335
15, 14.7944071293,23,335
15, 14.8027939796,19,335
15, 14.8188221455,18,335
15, 14.8789021969,18,336
15, 14.8867340088,18,337
15, 14.926222086,18,338
15, 14.9341170788,18,339
15, 14.9418890476,19,340
15, 14.9518921375,20,342
15, 14.9597530365,23,346
15, 14.9679989815,28,350
15, 14.9764280319,33,352
15, 14.9840431213,41,356
15, 14.9932820797,52,361
15, 15.0059189796,78,369
15, 15.0140380859,86,370
15, 15.0229120255,94,373
15, 15.0305070877,102,374
15, 15.0383851528,107,374
15, 15.0477280617,112,376
15, 15.0622720718,116,377
15, 15.069961071,118,377
15, 15.0792520046,119,377
16, 15.5820159912,120,378
16, 15.5929710865,131,381
16, 15.5998740196,150,386
16, 15.6081421375,174,394
16, 15.6171700954,198,402
16, 15.6242380142,228,410
16, 15.638723135,299,435
16, 15.645991087,336,450
16, 15.6543750763,376,467
16, 15.6625840664,418,483
16, 15.6798939705,494,521
16, 15.6874361038,532,537
16, 15.6962370872,567,554
16, 15.705862999,602,570
16, 15.71311903,634,584
16, 15.7213981152,667,601
16, 15.7313990593,698,617
16, 15.7393331528,726,633
16, 15.7490131855,755,648
16, 15.7554299831,781,662
16, 15.764906168,803,674
16, 15.7724580765,822,683
16, 15.7807991505,835,690
16, 15.790099144,844,698
16, 15.7981960773,845,699
16, 15.9657580853,846,695
16, 15.9820971489,846,687
16, 15.9913971424,848,682
16, 15.9984660149,848,678
16, 16.0060510635,848,669
16, 16.0144000053,847,663
16, 16.0253419876,846,657
16, 16.0337200165,845,652
16, 16.0410711765,844,649
16, 16.0496501923,843,647
16, 16.0586521626,843,646
16, 16.0760359764,842,646
16, 16.1987700462,841,646
16, 16.2064449787,840,645
16, 16.2146379948,839,644
16, 16.2250180244,837,644
16, 16.2386980057,832,643
16, 16.2461910248,830,642
16, 16.2558910847,828,641
16, 16.2644810677,827,639
16, 16.2754731178,826,639
16, 16.2803180218,825,639
16, 16.2896859646,824,639
16, 16.2988841534,823,638
16, 16.3106100559,822,638
16, 16.327901125,821,637
16, 16.3365600109,820,636
16, 16.3417210579,819,635
16, 16.3501281738,818,634
16, 16.36662817,815,631
16, 16.3753740788,814,630
16, 16.3822870255,813,629
17, 16.550606966,810,628
17, 16.5604410172,805,625
17, 16.5682790279,797,618
17, 16.5797641277,786,612
17, 16.5906510353,759,595
17, 16.5980429649,737,583
17, 16.6062409878,710,571
17, 16.6146841049,684,557
17, 16.6238591671,651,542
17, 16.6333341599,621,530
17, 16.6417181492,588,518
17, 16.6510841846,555,503
17, 16.6584601402,527,491
17, 16.6676151752,496,479
17, 16.6755001545,468,465
17, 16.6845550537,444,453
17, 16.6950180531,402,429
17, 16.7020590305,388,420
17, 16.7107601166,379,413
17, 16.7183411121,373,409
17, 16.7262630463,369,405
17, 16.7343580723,365,402
17, 16.7504980564,361,398
17, 16.7582771778,360,397
17, 16.7692081928,358,396
17, 16.7738730907,357,395
17, 16.782515049,354,394
17, 16.8012051582,348,394
17, 16.8060870171,343,393
17, 16.8150141239,340,393
17, 16.8302969933,333,393
17, 16.8405220509,332,392
17, 16.8461751938,331,392
17, 16.854434967,330,392
17, 16.8625051975,330,391
17, 16.8704791069,329,391
17, 16.886026144,327,389
17, 16.8951010704,325,387
17, 16.9022810459,321,384
17, 16.918181181,312,377
17, 16.9267361164,303,373
17, 16.9339661598,294,365
17, 16.9429740906,283,357
17, 16.9501399994,267,349
17, 16.9582371712,253,340
17, 16.9680261612,238,331
17, 16.9752891064,224,322
17, 16.9843921661,207,311
17, 16.9928719997,191,304
17, 17.0002400875,177,295
17, 17.010256052,166,287
17, 17.0187091827,155,281
17, 17.0275461674,147,277
17, 17.0351061821,140,272
17, 17.0424370766,134,268
17, 17.0514221191,129,264
17, 17.062417984,121,257
17, 17.0702011585,119,253
17, 17.078646183,117,251
17, 17.0876121521,117,250
17, 17.0962741375,116,249
17, 17.1105091572,115,248
17, 17.2624790668,115,252
17, 17.2701141834,118,257
17, 17.2825880051,120,262
17, 17.285984993,124,265
17, 17.2948031425,126,269
17, 17.3032801151,128,271
17, 17.3121111393,130,272
17, 17.3218810558,131,274
17, 17.3295409679,132,274
17, 17.3372299671,133,275
17, 17.4384951591,134,275
18, 17.494808197,134,276
18, 17.5501899719,135,276
18, 17.5666120052,140,281
18, 17.5741410255,143,284
18, 17.5823659897,148,288
18, 17.5918631554,159,294
18, 17.6003730297,176,305
18, 17.6092510223,196,317
18, 17.6162409782,218,327
18, 17.6253399849,242,339
18, 17.6337730885,268,353
18, 17.6415700912,292,367
18, 17.6503751278,316,384
18, 17.6585350037,343,400
18, 17.6669001579,363,416
18, 17.6782500744,385,432
18, 17.6840150356,407,450
18, 17.6918511391,430,468
18, 17.7007811069,452,487
18, 17.71083498,474,505
18, 17.7172141075,492,521
18, 17.7260231972,530,555
18, 17.7339920998,548,569
18, 17.7425041199,560,581
18, 17.7501161098,573,593
18, 17.7581532001,585,604
18, 17.7672870159,594,611
18, 17.7752461433,603,619
18, 17.78323102,610,626
18, 17.7912511826,615,631
18, 17.7994031906,620,636
18, 17.8083231449,626,643
18, 17.8178420067,633,651
18, 17.8278150558,637,656
18, 17.8358061314,643,663
18, 17.8431770802,646,668
18, 17.8518340588,651,673
18, 17.8596379757,655,678
18, 17.8683381081,660,683
18, 17.8780801296,670,695
18, 17.8865029812,678,703
18, 17.9017241001,690,715
18, 17.9106810093,695,720
18, 17.9185831547,701,724
18, 17.9271850586,706,728
18, 17.9421000481,718,735
18, 17.9504730701,722,738
18, 17.9585289955,729,739
18, 17.9665009975,733,741
18, 17.9742059708,742,743
18, 17.9906001091,748,744
18, 17.9997141361,768,749
18, 18.0132191181,776,750
18, 18.0180330276,783,750
18, 18.0268909931,792,752
18, 18.035503149,798,752
18, 18.0450329781,802,752
18, 18.0539700985,806,752
18, 18.0706779957,807,752
18, 18.098940134,807,751
18, 18.110530138,808,749
18, 18.1182320118,808,748
18, 18.126101017,808,746
18, 18.1344270706,808,744
18, 18.1421470642,808,741
18, 18.1542551517,808,739
18, 18.1602580547,808,736
18, 18.168776989,808,734
18, 18.1776201725,808,730
18, 18.1863801479,808,727
18, 18.2020201683,805,720
18, 18.2112061977,804,716
18, 18.2194981575,803,714
18, 18.2276849747,802,712
18, 18.2358970642,801,711
18, 18.2457699776,800,709
18, 18.2519721985,799,709
18, 18.2617001534,798,708
18, 18.2708191872,796,706
18, 18.2859601974,793,705
18, 18.3045380116,788,701
18, 18.3147251606,786,701
18, 18.3215391636,783,700
18, 18.3306629658,781,699
18, 18.3373270035,779,698
18, 18.3470301628,776,697
18, 18.3543350697,774,696
18, 18.3646411896,773,696
18, 18.3701741695,772,696
18, 18.383092165,771,695
18, 18.3991131783,770,694
18, 18.41426301,769,694
18, 18.4313251972,767,693
18, 18.4379870892,766,693
18, 18.4579041004,764,691
18, 18.4624249935,763,691
18, 18.4784660339,762,690
18, 18.4862999916,761,690
19, 18.6811580658,760,687
19, 18.6861371994,758,683
19, 18.6947700977,756,680
19, 18.702709198,753,677
19, 18.7139890194,748,672
19, 18.7240521908,743,664
19, 18.7318580151,739,658
19, 18.7399640083,732,649
19, 18.7489199638,721,637
19, 18.757007122,708,622
19, 18.7661170959,672,583
19, 18.7820320129,625,534
19, 18.7906761169,596,507
19, 18.7984490395,560,478
19, 18.8073730469,527,449
19, 18.8163120747,491,420
19, 18.8242709637,453,388
19, 18.8331151009,416,361
19, 18.8413190842,380,334
19, 18.8502180576,347,309
19, 18.8584110737,316,286
19, 18.8675999641,289,268
19, 18.874341011,265,249
19, 18.8826360703,245,235
19, 18.890763998,225,223
19, 18.899518013,214,215
19, 18.9084839821,207,212
19, 18.918172121,204,209
19, 18.9244840145,201,207
19, 18.9325380325,200,207
20, 19.3425951004,211,217
20, 19.34979105,229,233
20, 19.3581311703,249,249
20, 19.3662030697,274,269
20, 19.3742380142,302,289
20, 19.3828999996,331,314
20, 19.3983860016,395,368
20, 19.4064421654,427,395
20, 19.4141550064,456,424
20, 19.42309618,482,451
20, 19.4313271046,505,478
20, 19.4393661022,523,504
20, 19.4467771053,539,530
20, 19.4553380013,556,557
20, 19.4644680023,570,583
20, 19.4730191231,580,605
20, 19.4797751904,592,629
20, 19.4884741306,600,651
20, 19.4970800877,609,670
20, 19.5042440891,621,690
20, 19.5118880272,628,706
20, 19.5268571377,648,734
20, 19.5351681709,654,744
20, 19.5423359871,659,751
20, 19.5501971245,664,756
20, 19.5581831932,668,760
20, 19.5682291985,670,762
20, 19.5791430473,671,762
20, 19.5901560783,671,763
20, 19.6783640385,670,763
20, 19.7266960144,669,765
20, 19.7341561317,669,766
20, 19.743076086,669,767
20, 19.7507941723,669,768
20, 19.8618891239,669,769
20, 19.8708341122,671,770
20, 19.8784060478,673,771
20, 19.8860981464,674,771
20, 19.8944981098,675,773
20, 19.9109311104,677,774
20, 19.9181551933,678,775
20, 19.9267711639,680,776
20, 19.9342081547,682,779
20, 19.9506571293,686,782
20, 19.9581551552,688,783
20, 19.9662849903,690,784
20, 19.9744050503,691,785
20, 19.9904541969,693,786
20, 19.9999251366,694,786
20, 20.0081131458,694,787
20, 20.017441988,695,787
20, 20.0383591652,696,788
20, 20.0463080406,697,788
20, 20.0623700619,698,789
20, 20.0703120232,699,789
21, 20.2066400051,699,782
21, 20.2382102013,665,709
21, 20.246527195,653,692
21, 20.2539870739,639,672
21, 20.2640039921,627,652
21, 20.2706310749,613,628
21, 20.2901530266,583,587
21, 20.3020579815,553,549
21, 20.3115751743,539,529
21, 20.3182489872,525,509
21, 20.334239006,503,476
21, 20.3421661854,492,463
21, 20.3499829769,482,451
21, 20.3642730713,474,439
21, 20.3731751442,470,430
21, 20.3821680546,466,422
21, 20.3899681568,459,406
21, 20.3997900486,456,399
21, 20.4101440907,451,391
21, 20.4154531956,447,381
21, 20.4246990681,442,371
21, 20.433562994,438,363
21, 20.4415030479,432,352
21, 20.450756073,426,342
21, 20.4625191689,419,329
21, 20.4668841362,413,320
21, 20.4763829708,400,300
21, 20.484798193,395,295
21, 20.5002541542,388,284
21, 20.5083551407,385,278
21, 20.516076088,381,273
21, 20.5267531872,377,265
21, 20.5324161053,374,260
21, 20.5411059856,370,252
21, 20.5495080948,366,247
21, 20.5580480099,365,243
21, 20.5674459934,364,240
21, 20.5768461227,363,238
21, 20.5839750767,362,236
21, 20.5963850021,361,231
21, 20.6057910919,360,229
21, 20.6121900082,360,226
21, 20.6280851364,358,219
21, 20.6365020275,355,214
21, 20.6444060802,354,209
21, 20.6517150402,352,206
21, 20.6607861519,349,201
21, 20.6684260368,348,198
21, 20.6767671108,346,193
21, 20.685901165,345,188
21, 20.6937870979,343,185
21, 20.7013440132,340,180
21, 20.7096810341,338,176
21, 20.7184581757,337,172
21, 20.7280271053,334,169
21, 20.73528409,332,164
21, 20.7443141937,328,159
21, 20.7533380985,326,156
21, 20.7621371746,324,152
21, 20.7697761059,322,149
21, 20.7784571648,319,147
21, 20.7863810062,317,144
21, 20.7954390049,315,142
21, 20.8043510914,313,140
21, 20.8120629787,311,139
21, 20.8303589821,310,138
21, 20.8449120522,309,138
21, 20.862154007,308,138
22, 21.0767700672,308,142
22, 21.0841281414,312,148
22, 21.100399971,324,172
22, 21.108656168,335,186
22, 21.1159920692,349,208
22, 21.1242551804,363,230
22, 21.1320030689,379,254
22, 21.1414070129,395,280
22, 21.1499450207,414,307
22, 21.158673048,430,336
22, 21.1679401398,450,366
22, 21.1779911518,469,397
22, 21.183339119,485,428
22, 21.1924321651,504,458
22, 21.2039580345,538,513
22, 21.2123551369,554,538
22, 21.2203850746,573,562
22, 21.2299790382,589,584
22, 21.2365989685,603,604
22, 21.2472779751,617,624
22, 21.2534110546,627,638
22, 21.2625780106,638,650
22, 21.2702159882,645,659
22, 21.2805511951,653,668
22, 21.292140007,662,681
22, 21.3003861904,666,688
22, 21.3096630573,669,694
22, 21.3166701794,675,701
22, 21.3259291649,677,707
22, 21.3344590664,682,715
22, 21.3436350822,684,722
22, 21.3513491154,687,729
22, 21.3596930504,688,735
22, 21.3681900501,688,740
22, 21.3766980171,689,745
22, 21.3849310875,689,751
22, 21.3949520588,691,761
22, 21.4041349888,691,767
22, 21.4118831158,691,772
22, 21.4197990894,691,777
22, 21.4342391491,689,783
22, 21.4429180622,687,788
22, 21.4523091316,685,791
22, 21.4608831406,681,794
22, 21.4698770046,679,799
22, 21.4806962013,675,801
22, 21.487019062,674,804
22, 21.4948890209,672,806
22, 21.5034739971,670,809
22, 21.5134801865,670,810
22, 21.5219969749,668,813
22, 21.5298941135,667,813
22, 21.5379800797,666,814
22, 21.5460710526,665,814
22, 21.5540511608,664,815
22, 21.5628991127,661,815
22, 21.5718741417,660,815
22, 21.58112216,658,815
22, 21.5896430016,656,815
22, 21.597507,654,815
22, 21.606167078,653,815
22, 21.6133401394,651,815
22, 21.6223971844,649,815
22, 21.6314821243,647,815
22, 21.6407489777,646,815
22, 21.6501970291,641,815
22, 21.6585981846,640,815
22, 21.6690430641,638,815
22, 21.6743769646,636,815
22, 21.682254076,634,815
22, 21.6985189915,629,815
22, 21.7063159943,625,815
22, 21.71393013,622,814
22, 21.7221231461,617,814
22, 21.7342710495,614,814
22, 21.7708539963,607,814
22, 21.778673172,605,814
23, 21.9785101414,605,812
23, 21.9881520271,604,803
23, 21.9958431721,601,793
23, 22.0045449734,598,782
23, 22.018682003,587,747
23, 22.0269551277,579,725
23, 22.0343880653,567,701
23, 22.043389082,555,673
23, 22.0510790348,539,642
23, 22.0667610168,501,574
23, 22.0824761391,462,500
23, 22.089826107,441,460
23, 22.0985281467,419,423
23, 22.1063680649,396,388
23, 22.1148700714,373,354
23, 22.1235420704,350,321
23, 22.1320590973,330,291
23, 22.1412210464,311,264
23, 22.1502950191,295,240
23, 22.1596651077,277,215
23, 22.166834116,263,195
23, 22.176486969,252,181
23, 22.1853191853,248,173
23, 22.1936230659,245,170
23, 22.2019731998,245,166
23, 22.3384490013,248,164
23, 22.3460710049,253,163
23, 22.3545820713,258,162
23, 22.3620090485,264,161
23, 22.3707590103,269,158
23, 22.3784840107,277,157
23, 22.3872330189,283,156
23, 22.3956980705,292,154
23, 22.4031660557,300,153
23, 22.4124481678,310,151
23, 22.4204521179,318,149
23, 22.432144165,333,144
23, 22.4425621033,338,143
23, 22.4502871037,344,142
23, 22.4648489952,349,141
23, 22.4739360809,351,140
23, 22.4829940796,353,139
23, 22.4911940098,354,138
23, 22.4994080067,355,137
23, 22.5079801083,357,136
23, 22.5163359642,358,133
23, 22.5281441212,363,131
23, 22.5366270542,364,129
23, 22.5464851856,366,128
23, 22.5546400547,368,128
23, 22.5644590855,369,127
23, 22.5733361244,370,127
23, 22.5805091858,371,126
23, 22.5937511921,372,126
23, 22.6574211121,372,125
23, 22.6721940041,373,124
23, 22.6798961163,373,123
23, 22.6884629726,373,122
23, 22.6961741447,374,122
23, 22.7046639919,374,121
23, 22.7120959759,374,120
24, 22.7846319675,375,120
24, 22.8722171783,376,125
24, 22.8800170422,377,132
24, 22.8967871666,380,150
24, 22.9080519676,383,163
24, 22.9119920731,385,182
24, 22.9206271172,389,204
24, 22.9357540607,395,250
24, 22.9441809654,401,279
24, 22.9518690109,407,309
24, 22.9605870247,416,342
24, 22.9688789845,426,375
24, 22.9795081615,434,405
24, 22.9858250618,442,438
24, 22.9951200485,452,469
24, 23.0031070709,465,499
24, 23.0142970085,475,528
24, 23.0197491646,485,556
24, 23.0289440155,495,580
24, 23.0371251106,505,606
24, 23.0464510918,513,631
24, 23.0564789772,533,681
24, 23.0641021729,545,703
24, 23.0724771023,555,727
24, 23.0803701878,567,747
24, 23.0878441334,579,764
24, 23.1053771973,594,793
24, 23.112429142,600,802
24, 23.1199979782,604,808
24, 23.1289150715,606,811
24, 23.1368100643,607,815
24, 23.1457841396,608,817
24, 23.1535670757,609,819
24, 23.1624140739,609,822
24, 23.1700971127,610,826
24, 23.1783790588,610,829
24, 23.1867029667,611,835
24, 23.1999080181,611,846
24, 23.2094371319,613,853
24, 23.216479063,614,859
24, 23.2332789898,617,872
24, 23.2399630547,617,880
24, 23.2483811378,617,883
24, 23.2570340633,617,887
24, 23.2672049999,617,890
24, 23.2778511047,617,891
24, 23.282487154,617,893
24, 23.2923231125,617,895
24, 23.3010520935,617,896
24, 23.3101091385,614,899
24, 23.3182351589,612,899
24, 23.3265450001,610,900
24, 23.3366611004,606,900
24, 23.3451020718,604,900
24, 23.351993084,600,900
24, 23.35967803,595,897
24, 23.3679189682,591,895
24, 23.3770890236,584,891
24, 23.3847651482,578,888
24, 23.3924741745,570,884
24, 23.4020271301,562,881
24, 23.4102900028,553,879
24, 23.4185090065,547,876
24, 23.4257080555,541,872
24, 23.434882164,535,871
24, 23.4436559677,530,869
24, 23.4527959824,528,868
24, 23.468432188,526,867
24, 23.4704530239,525,867
24, 23.4776890278,524,867
24, 23.5280921459,524,866
24, 23.5748560429,524,865
24, 23.5840950012,523,865
24, 23.5923349857,523,863
24, 23.6004300117,522,863
24, 23.6089031696,522,860
24, 23.6219391823,520,856
24, 23.6302289963,520,855
24, 23.6407160759,520,854
24, 23.6461250782,519,853
24, 23.6546421051,519,852
25, 23.767966032,519,851
25, 23.7756340504,519,845
25, 23.7839741707,518,839
25, 23.7934989929,517,830
25, 23.8016681671,515,815
25, 23.8099050522,512,799
25, 23.8183400631,508,777
25, 23.8275201321,503,750
25, 23.8360390663,495,722
25, 23.8455581665,487,696
25, 23.8538839817,477,661
25, 23.8623931408,456,593
25, 23.8703360558,444,558
25, 23.8788909912,430,523
25, 23.8861629963,415,488
25, 23.8947191238,397,455
25, 23.9021170139,382,422
25, 23.9179401398,354,365
25, 23.9269931316,342,339
25, 23.9343841076,334,317
25, 23.9428520203,330,293
25, 23.9519469738,330,267
25, 23.9593601227,330,245
25, 23.9663600922,335,221
25, 23.9819960594,351,188
25, 23.9906320572,359,177
25, 23.9985671043,365,168
25, 24.0065271854,369,163
25, 24.0147681236,373,158
25, 24.0255060196,375,154
25, 24.0313379765,377,152
25, 24.0399491787,377,150
25, 24.0485620499,378,148
25, 24.0564911366,379,147
25, 24.0700790882,380,145
25, 24.0865380764,381,143
25, 24.0945601463,381,142
25, 24.1100170612,382,141
25, 24.1260890961,383,141
25, 24.1342790127,384,141
25, 24.1427280903,385,141
25, 24.1497659683,389,141
25, 24.1582610607,392,141
25, 24.1666400433,397,141
25, 24.1761140823,401,143
25, 24.1855430603,408,143
25, 24.1926641464,412,144
25, 24.2064080238,422,146
25, 24.2139940262,427,146
25, 24.221914053,430,146
25, 24.2302601337,435,146
25, 24.2390561104,437,144
25, 24.2469601631,440,143
25, 24.254693985,443,141
25, 24.263586998,446,139
25, 24.2709431648,448,138
25, 24.2800149918,450,134
25, 24.2869400978,454,132
25, 24.2963991165,456,130
25, 24.3053050041,459,128
25, 24.3136320114,462,124
25, 24.3230381012,464,122
25, 24.3302919865,467,120
25, 24.3392431736,468,118
25, 24.3480651379,471,114
25, 24.3571791649,472,113
25, 24.3662221432,474,110
25, 24.3816680908,474,109
25, 24.3978950977,474,108
25, 24.4060811996,474,107
25, 24.4363481998,475,107
25, 24.4443671703,475,106
25, 24.4617271423,475,105
