StevenTrackpad,C
,2014-07-28
Target#, times, x, y 
0, 0.361478090286,687,565
0, 0.372576951981,667,539
0, 0.383599042892,644,505
0, 0.391583919525,624,462
0, 0.401662111282,605,411
0, 0.413159132004,593,376
0, 0.422090053558,584,351
0, 0.431921005249,581,339
0, 0.442060947418,580,334
0, 0.451085090637,580,332
0, 0.660753011703,579,329
0, 0.670887947083,576,324
0, 0.679885149002,569,310
0, 0.690190076828,557,291
0, 0.699958086014,538,267
0, 0.710556983948,525,249
0, 0.72000002861,516,233
0, 0.729542016983,511,219
0, 0.740845918655,505,209
0, 0.749776124954,503,203
0, 0.760716915131,503,200
0, 0.791707992554,503,201
0, 0.799921989441,503,203
0, 0.810117959976,504,203
0, 0.822387933731,504,204
0, 0.829433917999,505,205
0, 0.849550008774,505,206
0, 0.899199008942,505,205
0, 0.909337043762,505,203
0, 0.918929100037,505,202
0, 0.929368019104,505,199
0, 0.938668966293,505,198
0, 0.949239969254,505,196
0, 0.958753108978,505,193
0, 0.969465970993,505,192
0, 0.978861093521,505,189
0, 0.988956928253,505,185
0, 0.999242067337,505,183
0, 1.00863909721,505,179
0, 1.01845002174,505,176
0, 1.02848792076,505,174
0, 1.03924798965,505,171
0, 1.04947400093,505,170
0, 1.05849099159,505,169
0, 1.07849812508,505,168
0, 1.09937405586,504,167
0, 1.10808801651,503,167
0, 1.11800694466,502,167
0, 1.12837314606,501,167
0, 1.13861012459,500,166
0, 1.16745901108,499,166
0, 1.17661094666,497,164
0, 1.35695791245,497,162
0, 1.3666510582,497,156
0, 1.37671208382,500,149
0, 1.38619399071,502,139
0, 1.39494514465,502,126
0, 1.42519497871,504,117
0, 1.57592391968,504,116
0, 1.60585308075,504,115
0, 1.65646409988,504,114
0, 1.69512414932,503,114
0, 1.70605492592,502,114
0, 1.7154481411,501,113
0, 1.72542595863,499,113
0, 1.7463619709,497,113
0, 1.77505207062,496,113
0, 1.89477014542,495,113
0, 1.90452098846,494,113
0, 1.92450404167,494,112
0, 1.9444899559,493,112
0, 1.95411801338,493,111
0, 1.99400210381,492,111
0, 2.03369092941,492,110
0, 2.09429693222,491,110
0, 2.11649513245,490,110
0, 2.13423013687,490,109
0, 2.14437103271,489,109
0, 2.16334891319,489,108
0, 2.23252606392,488,107
0, 2.24323701859,487,106
0, 2.27306509018,486,105
0, 2.28411793709,485,105
0, 2.29345107079,484,104
0, 2.31235909462,484,103
1, 2.80049991608,484,106
1, 2.81012797356,484,115
1, 2.81996107101,484,126
1, 2.82952094078,484,143
1, 2.8398411274,484,174
1, 2.84997391701,484,211
1, 2.8604619503,486,252
1, 2.87092995644,486,300
1, 2.88087296486,486,337
1, 2.88941192627,486,371
1, 2.89926695824,486,405
1, 2.90952992439,486,433
1, 2.9196331501,486,449
1, 2.92801594734,486,461
1, 2.95764493942,486,489
1, 3.08949613571,486,490
1, 3.09871912003,486,498
1, 3.10856103897,486,513
1, 3.12056112289,486,543
1, 3.12863612175,485,601
1, 3.13884806633,485,649
1, 3.14850997925,483,687
1, 3.15864396095,481,721
1, 3.16818809509,481,740
1, 3.17888903618,480,751
1, 3.18888092041,479,758
1, 3.19848608971,478,761
1, 3.21786308289,477,762
1, 3.22770404816,476,762
1, 3.2484459877,476,761
1, 3.25858402252,476,760
1, 3.26735711098,476,759
1, 3.29843997955,475,759
1, 3.30812907219,474,759
1, 3.31794714928,473,760
1, 3.32735395432,472,762
1, 3.33775496483,471,763
1, 3.34742093086,470,764
1, 3.35635995865,469,766
1, 3.50670909882,468,767
1, 3.51732206345,466,769
1, 3.526927948,465,773
1, 3.53683209419,463,777
1, 3.54650807381,459,784
1, 3.55632400513,457,792
1, 3.56667804718,453,801
1, 3.57630705833,449,813
1, 3.58614897728,445,828
1, 3.59627509117,441,840
1, 3.60821509361,438,850
1, 3.61750411987,437,854
1, 3.62679409981,437,856
1, 3.6377620697,436,856
1, 3.67620801926,436,855
1, 3.70619297028,436,854
1, 3.73531913757,436,853
1, 3.75625109673,436,852
1, 3.76574611664,436,851
1, 3.77546000481,437,850
1, 3.79545712471,437,849
1, 3.81715297699,437,848
2, 4.25417900085,439,844
2, 4.26461005211,445,835
2, 4.27391505241,455,819
2, 4.2842259407,473,792
2, 4.29271006584,495,752
2, 4.30325102806,513,703
2, 4.31287097931,540,648
2, 4.32274913788,576,578
2, 4.332447052,614,514
2, 4.34313106537,654,438
2, 4.35293698311,692,374
2, 4.36283302307,732,316
2, 4.37271213531,763,266
2, 4.38259100914,782,233
2, 4.39218711853,789,219
2, 4.40341114998,793,213
2, 4.41226005554,793,211
2, 4.44207692146,792,213
2, 4.45255708694,788,218
2, 4.46150493622,784,222
2, 4.47114610672,770,239
2, 4.62363696098,768,239
2, 4.63244509697,765,239
2, 4.6418030262,757,238
2, 4.6526260376,740,235
2, 4.66204214096,717,227
2, 4.67505407333,685,211
2, 4.68270993233,658,193
2, 4.69313097,631,176
2, 4.70127797127,617,166
2, 4.71094107628,607,158
2, 4.72115898132,603,155
2, 4.73056292534,599,154
2, 4.74067497253,598,154
2, 4.79097294807,598,155
2, 4.81084513664,598,156
2, 4.85020494461,597,156
2, 4.87084507942,596,155
2, 4.89149212837,596,153
2, 4.90090107918,596,151
2, 4.91106295586,596,147
2, 4.92148804665,596,143
2, 4.93233799934,595,138
2, 4.94149398804,595,134
2, 4.95157003403,594,131
2, 4.96061491966,594,130
2, 4.98983597755,593,130
2, 5.04015398026,592,130
2, 5.04986596107,591,130
2, 5.11977696419,590,130
2, 5.14039111137,589,130
2, 5.15158700943,588,130
2, 5.15990495682,587,130
2, 5.16848301888,586,130
2, 5.19887304306,585,130
2, 5.26832008362,584,129
2, 5.27899503708,584,128
2, 5.35834407806,584,127
2, 5.45747494698,584,126
2, 5.48785710335,583,126
2, 5.49748110771,583,125
2, 5.55702209473,583,124
2, 5.57904314995,583,123
2, 5.587059021,582,123
2, 5.61682295799,582,122
2, 5.63813996315,581,121
2, 5.65740013123,581,120
2, 5.68709611893,581,119
2, 5.7062330246,581,118
2, 5.82635307312,580,118
2, 5.88591909409,579,118
2, 6.00813603401,578,118
2, 6.05477714539,577,118
2, 6.06500196457,577,117
2, 6.15617108345,576,116
2, 6.24436593056,575,116
2, 6.27357006073,574,116
3, 6.65289998055,574,119
3, 6.66219496727,574,124
3, 6.67207193375,569,137
3, 6.68256402016,558,167
3, 6.69121813774,538,210
3, 6.70182013512,518,271
3, 6.7122631073,504,328
3, 6.72183513641,490,382
3, 6.73136091232,481,438
3, 6.74146008492,472,485
3, 6.75217700005,466,521
3, 6.76158308983,460,557
3, 6.77190995216,455,580
3, 6.78151297569,451,592
3, 6.7920191288,447,601
3, 6.8035171032,446,604
3, 6.83064508438,440,629
3, 6.95009613037,438,631
3, 6.96105694771,434,635
3, 6.97077798843,426,643
3, 6.98080801964,418,654
3, 6.99015808105,408,670
3, 7.00052213669,394,691
3, 7.0114159584,383,708
3, 7.02026796341,375,722
3, 7.02998709679,365,733
3, 7.03996896744,359,745
3, 7.04952502251,353,759
3, 7.05989694595,352,771
3, 7.07021808624,349,784
3, 7.0794699192,349,792
3, 7.09101200104,349,796
3, 7.09917092323,349,798
3, 7.1092979908,349,799
3, 7.14937400818,349,798
3, 7.17091107368,349,797
3, 7.25887608528,350,797
3, 7.27968192101,350,796
3, 7.30937194824,351,796
3, 7.42153692245,351,797
3, 7.44807696342,351,798
3, 7.49805307388,350,799
3, 7.52753710747,349,799
3, 7.54752707481,349,800
3, 7.58845496178,348,800
3, 7.62175703049,348,801
3, 7.64729404449,348,802
3, 7.65689897537,348,803
3, 7.66726994514,348,804
3, 7.68704605103,347,805
3, 7.69650101662,347,806
3, 7.7170779705,346,807
3, 7.72620797157,346,809
3, 7.74705004692,346,810
3, 7.75647306442,346,811
3, 7.76612901688,345,811
3, 7.94588708878,344,812
3, 7.95549511909,343,813
3, 7.96574497223,343,814
3, 7.97570800781,342,815
3, 7.98651099205,341,816
3, 8.00585699081,341,817
4, 8.50379800797,341,815
4, 8.51275706291,341,814
4, 8.52298212051,341,812
4, 8.53287506104,341,809
4, 8.54253411293,341,807
4, 8.55379295349,341,806
4, 8.56278395653,342,801
4, 8.57252812386,345,790
4, 8.5829949379,349,777
4, 8.59383201599,366,753
4, 8.60340094566,399,705
4, 8.61305713654,433,654
4, 8.62366700172,482,596
4, 8.63217306137,537,530
4, 8.64237904549,591,468
4, 8.65270209312,650,396
4, 8.66224694252,697,344
4, 8.67248797417,731,308
4, 8.68226313591,751,286
4, 8.69275903702,760,276
4, 8.70288300514,762,276
4, 8.72124314308,762,284
4, 8.92248296738,762,283
4, 8.93095707893,760,279
4, 8.94131708145,756,270
4, 8.95107293129,748,254
4, 8.96131896973,727,224
4, 8.97147893906,708,199
4, 8.98041892052,691,180
4, 8.99099206924,680,169
4, 9.0003900528,671,160
4, 9.0109360218,662,153
4, 9.02075099945,654,151
4, 9.03020310402,647,150
4, 9.04007005692,642,151
4, 9.04925203323,639,152
4, 9.07861113548,630,147
4, 9.30951213837,630,146
4, 9.34010505676,631,146
4, 9.3497440815,632,146
4, 9.35890197754,633,146
4, 9.36901092529,634,146
4, 9.37866306305,635,146
4, 9.38902592659,636,146
4, 9.4982111454,637,146
4, 9.58798408508,638,146
4, 9.61962008476,639,146
4, 9.67853093147,640,146
4, 9.697245121,641,146
4, 9.70720100403,642,146
4, 9.72902798653,643,146
4, 9.73781609535,644,146
4, 9.76737594604,645,146
4, 9.9560880661,646,146
4, 10.0459179878,647,146
4, 10.0758860111,648,146
4, 10.1056690216,649,146
4, 10.1852741241,650,146
4, 10.2058460712,651,146
5, 10.7245719433,651,147
5, 10.7344419956,647,154
5, 10.7426459789,631,176
5, 10.7528150082,585,234
5, 10.7622699738,536,296
5, 10.7723419666,471,374
5, 10.7823700905,404,447
5, 10.7926299572,342,519
5, 10.8022201061,283,579
5, 10.8120601177,237,622
5, 10.8221180439,212,644
5, 10.8321390152,200,656
5, 10.841050148,188,667
5, 10.8705661297,150,707
5, 11.0412409306,150,709
5, 11.052423954,150,710
5, 11.0620670319,150,712
5, 11.0737280846,151,714
5, 11.0813159943,153,716
5, 11.0904569626,156,718
5, 11.1014149189,162,720
5, 11.1107170582,171,724
5, 11.121240139,178,727
5, 11.1306679249,185,733
5, 11.1408350468,190,741
5, 11.1509859562,193,747
5, 11.1606421471,195,751
5, 11.170249939,197,754
5, 11.1803381443,198,754
5, 11.1910779476,198,755
5, 11.2002680302,198,756
5, 11.210654974,200,757
5, 11.220459938,202,757
5, 11.2303731441,203,757
5, 11.2409670353,206,757
5, 11.2506639957,209,757
5, 11.2602310181,212,757
5, 11.2699680328,215,756
5, 11.2805669308,218,755
5, 11.289675951,220,754
5, 11.2997391224,221,754
5, 11.3110070229,221,753
5, 11.4391520023,222,753
5, 11.4491930008,223,753
5, 11.470402956,224,753
5, 11.478951931,226,754
5, 11.4891741276,226,755
5, 11.4989950657,227,756
5, 11.5087730885,228,756
5, 11.5190439224,228,757
5, 11.5290770531,229,757
5, 11.5383610725,229,758
5, 11.738681078,230,758
5, 11.768294096,231,758
5, 11.7782659531,231,759
5, 11.7882890701,231,760
5, 11.7979459763,232,760
5, 11.8079109192,233,761
5, 11.8184249401,234,763
5, 11.8271999359,234,764
5, 11.837898016,235,765
5, 11.8484220505,236,766
5, 11.8571240902,236,767
5, 11.9767370224,237,767
5, 12.0065000057,238,767
5, 12.0867109299,238,768
5, 12.1058659554,239,769
5, 12.1263749599,239,770
5, 12.1370899677,239,771
5, 12.1458830833,240,771
5, 12.1560549736,240,772
5, 12.1659250259,241,772
5, 12.1858451366,242,772
5, 12.195442915,242,773
5, 12.2161340714,243,773
5, 12.2365219593,244,773
5, 12.4551770687,244,774
5, 12.5539679527,245,774
5, 12.5639269352,246,774
5, 12.5742969513,247,774
5, 12.6037650108,248,774
5, 12.703594923,248,775
6, 13.0436930656,251,773
6, 13.0519809723,255,770
6, 13.0658690929,266,762
6, 13.0713419914,290,746
6, 13.0818009377,331,711
6, 13.0911400318,374,674
6, 13.10156703,432,631
6, 13.1119000912,488,578
6, 13.1217830181,544,524
6, 13.1313960552,596,474
6, 13.1420109272,638,425
6, 13.1517620087,667,384
6, 13.1609771252,684,360
6, 13.1700820923,692,351
6, 13.1998989582,724,318
6, 13.3906991482,724,316
6, 13.4006829262,724,313
6, 13.4101171494,724,308
6, 13.4216411114,724,303
6, 13.4300510883,726,294
6, 13.44029212,728,282
6, 13.4512159824,730,272
6, 13.4601891041,731,263
6, 13.4725289345,732,258
6, 13.4802980423,732,255
6, 13.4896290302,733,254
6, 13.6989400387,733,253
6, 13.7097921371,733,250
6, 13.7219779491,733,248
6, 13.7292129993,733,245
6, 13.7391431332,733,241
6, 13.7503070831,733,238
6, 13.7581169605,733,237
6, 13.7689900398,733,235
6, 13.7779910564,733,234
6, 13.9581110477,733,233
6, 13.9875309467,733,232
6, 14.0273621082,733,231
6, 14.0376429558,733,230
6, 14.057585001,733,229
6, 14.0773301125,733,228
6, 14.0870900154,733,227
6, 14.1181340218,733,226
6, 14.1283140182,733,225
6, 14.1371519566,733,224
6, 14.1479430199,733,223
6, 14.1570169926,733,222
6, 14.1764099598,733,221
6, 14.1867139339,733,220
6, 14.1961369514,733,219
6, 14.2265040874,733,218
6, 14.2467310429,733,217
6, 14.5248770714,733,216
6, 14.6446890831,733,215
6, 14.6643130779,733,214
6, 14.7244031429,733,213
6, 14.7439110279,733,212
6, 14.7740290165,733,211
6, 14.7939450741,733,210
6, 14.804901123,733,209
6, 14.8434641361,733,208
6, 14.8742890358,733,207
6, 15.1917600632,733,208
6, 15.2207069397,733,207
7, 15.4911019802,732,208
7, 15.5016419888,721,218
7, 15.5107090473,684,247
7, 15.524490118,633,283
7, 15.5346450806,562,336
7, 15.5404510498,496,391
7, 15.5502619743,432,437
7, 15.5601229668,374,475
7, 15.5697290897,339,506
7, 15.5793530941,315,531
7, 15.5897250175,299,540
7, 15.618185997,255,573
7, 15.7503919601,253,574
7, 15.7592060566,250,577
7, 15.7688961029,246,581
7, 15.7790179253,241,589
7, 15.7893819809,237,595
7, 15.7990269661,234,601
7, 15.8089001179,231,603
7, 15.8191430569,230,605
7, 15.8295059204,228,607
7, 15.8391461372,227,609
7, 15.8484590054,226,609
7, 15.8584179878,224,611
7, 15.8685691357,222,613
7, 15.8801081181,219,615
7, 15.8890559673,215,619
7, 15.8990199566,210,628
7, 15.9088001251,203,637
7, 15.9186940193,196,648
7, 15.9288101196,190,657
7, 15.9385819435,185,663
7, 15.9484341145,182,669
7, 15.9588820934,180,673
7, 15.9696631432,177,679
7, 15.9780681133,174,685
7, 15.9896409512,171,694
7, 15.9986760616,170,702
7, 16.0084891319,168,708
7, 16.0180139542,167,713
7, 16.0279729366,166,716
7, 16.0380189419,166,718
7, 16.0877029896,166,717
7, 16.0978999138,166,716
7, 16.1187710762,166,714
7, 16.1271779537,168,712
7, 16.137524128,169,712
7, 16.1474170685,170,710
7, 16.1574180126,173,709
7, 16.1702079773,175,708
7, 16.1781201363,176,708
7, 16.1876411438,177,708
7, 16.1978909969,178,708
8, 16.8145890236,180,706
8, 16.8240859509,188,692
8, 16.8353290558,228,650
8, 16.844643116,279,591
8, 16.8580560684,352,518
8, 16.8646569252,421,454
8, 16.8738119602,497,386
8, 16.8839600086,566,325
8, 16.8938000202,621,283
8, 16.9041819572,671,254
8, 16.9143531322,706,239
8, 16.92304492,727,233
8, 16.9327819347,744,232
8, 16.9629881382,785,200
8, 17.1176190376,788,199
8, 17.1253380775,796,197
8, 17.1352341175,811,191
8, 17.1441919804,840,188
8, 17.1537959576,881,188
8, 17.1675479412,913,193
8, 17.1768789291,936,203
8, 17.1828401089,946,211
8, 17.2124140263,949,237
8, 17.2224559784,942,247
8, 17.2330200672,931,258
8, 17.2424480915,919,267
8, 17.2526159286,906,274
8, 17.2625010014,897,281
8, 17.2721409798,887,283
8, 17.2828021049,880,286
8, 17.2921929359,874,287
8, 17.3026380539,871,287
8, 17.3117661476,868,287
8, 17.3217089176,865,287
8, 17.3315689564,863,287
8, 17.341727972,860,287
8, 17.3515639305,856,287
8, 17.3622100353,852,287
8, 17.3713150024,849,287
8, 17.3824219704,844,287
8, 17.39230299,840,287
8, 17.4024739265,837,287
8, 17.412045002,835,287
8, 17.4216809273,833,287
8, 17.4321880341,831,287
8, 17.4717481136,831,286
8, 17.5612199306,831,285
8, 17.6604859829,830,285
8, 17.6702799797,829,285
8, 17.6910760403,827,284
8, 17.700731039,825,284
8, 17.7100939751,825,283
8, 17.7208600044,824,283
8, 17.7302060127,823,283
8, 17.8921759129,822,282
8, 17.9092509747,821,282
8, 17.9302639961,820,282
8, 17.9499559402,819,282
8, 17.9588041306,819,281
8, 17.9691131115,818,281
8, 18.0097670555,817,281
8, 18.0286951065,816,280
8, 18.038752079,815,280
8, 18.0492920876,815,279
8, 18.0687439442,815,278
8, 18.0885651112,814,278
8, 18.1982691288,813,278
8, 18.2475759983,812,278
8, 18.2579610348,811,278
8, 18.2680580616,810,278
8, 18.2892479897,809,278
8, 18.3019270897,808,278
8, 18.3893330097,807,278
8, 18.3971760273,806,278
8, 18.4091861248,805,278
8, 18.4382240772,804,278
8, 18.4769201279,803,278
8, 18.6359779835,803,277
9, 18.9945480824,800,277
9, 19.0042150021,791,277
9, 19.0142829418,766,285
9, 19.023622036,701,313
9, 19.0345680714,628,346
9, 19.0442690849,550,403
9, 19.0536439419,485,461
9, 19.0641870499,422,521
9, 19.0741970539,370,583
9, 19.0835790634,337,630
9, 19.0937149525,319,661
9, 19.1022529602,311,682
9, 19.1328821182,262,723
9, 19.2931609154,257,723
9, 19.3022921085,252,723
9, 19.3125150204,240,723
9, 19.3229339123,220,723
9, 19.3326950073,192,723
9, 19.3424119949,165,723
9, 19.3528039455,136,721
9, 19.3623230457,103,713
9, 19.3729219437,84,710
9, 19.382846117,70,706
9, 19.3926920891,61,701
9, 19.4023239613,56,697
9, 19.4127380848,56,696
9, 19.4209849834,56,695
9, 19.4500091076,45,692
9, 19.6117589474,46,690
9, 19.6219270229,49,688
9, 19.6321671009,53,684
9, 19.6422190666,62,677
9, 19.6532931328,73,671
9, 19.6611361504,82,666
9, 19.6717031002,91,662
9, 19.6825540066,98,658
9, 19.6907761097,102,657
9, 19.7008421421,106,657
9, 19.7110700607,107,657
9, 19.7205939293,108,657
9, 19.7305181026,109,657
9, 19.8405489922,109,656
9, 19.9794089794,110,656
9, 19.9894199371,111,655
9, 19.9999530315,112,655
9, 20.0100009441,113,654
9, 20.0194261074,114,654
9, 20.0300791264,115,653
9, 20.0502710342,116,653
9, 20.2703480721,116,652
9, 20.2786841393,117,651
9, 20.2882061005,118,651
9, 20.3183550835,119,650
9, 20.4487020969,120,650
9, 20.4577441216,120,649
9, 20.4773039818,121,649
9, 20.5276961327,122,648
9, 20.5873839855,123,648
9, 20.6265399456,124,647
9, 20.6367220879,124,646
9, 20.6574630737,125,646
9, 20.7562510967,125,645
9, 20.8755099773,126,644
9, 20.8858990669,127,643
9, 20.8958570957,128,643
9, 20.9049720764,129,643
9, 20.9352791309,129,642
9, 20.9450891018,130,641
9, 20.9669270515,131,641
10, 21.2943711281,131,640
10, 21.3073899746,138,632
10, 21.3186450005,174,607
10, 21.3250319958,247,567
10, 21.3333671093,330,527
10, 21.3434269428,423,484
10, 21.3535430431,502,447
10, 21.3633980751,571,416
10, 21.3729801178,631,386
10, 21.3838460445,674,361
10, 21.3926551342,700,348
10, 21.4219450951,757,316
10, 21.5623369217,762,316
10, 21.5722079277,774,316
10, 21.5828931332,804,316
10, 21.5919530392,857,324
10, 21.6024150848,910,336
10, 22.0211229324,951,368
10, 22.030272007,950,368
10, 22.0411510468,947,368
10, 22.0504479408,944,369
10, 22.0603480339,940,369
10, 22.0705199242,938,369
10, 22.0803880692,934,369
10, 22.0901880264,930,369
10, 22.1021649837,927,369
10, 22.1100900173,923,369
10, 22.1200010777,920,369
10, 22.130286932,918,369
10, 22.1547751427,918,368
10, 22.2200639248,917,368
10, 22.2295029163,916,368
10, 22.239563942,915,368
10, 22.2491960526,913,369
10, 22.259401083,911,370
10, 22.2688751221,910,371
10, 22.2792470455,908,371
10, 22.2893159389,907,371
10, 22.2991769314,906,371
10, 22.3197100163,905,371
10, 22.3387389183,904,371
10, 22.3494360447,903,371
10, 22.3690891266,901,371
10, 22.3802380562,899,370
10, 22.3888370991,897,369
10, 22.4000971317,894,369
10, 22.4083790779,891,367
10, 22.4185991287,889,367
10, 22.4292709827,885,366
10, 22.4392940998,882,365
10, 22.4489660263,879,365
10, 22.4580459595,877,365
10, 22.4684040546,874,365
10, 22.4791989326,871,365
10, 22.4888501167,869,365
10, 22.49832201,866,365
10, 22.5078039169,864,365
10, 22.5177469254,863,365
10, 22.5278739929,863,364
10, 22.7375509739,861,364
10, 22.7466380596,860,364
10, 22.7570879459,858,363
10, 22.7668731213,856,362
10, 22.7767579556,855,362
10, 22.7869129181,853,361
10, 22.7969179153,852,361
10, 22.8067779541,851,361
10, 22.8276660442,850,361
10, 22.8386490345,849,361
10, 22.8579609394,848,361
10, 22.8669481277,847,361
10, 22.8762750626,846,361
10, 23.0855970383,845,361
10, 23.1064789295,844,361
10, 23.1162950993,843,361
10, 23.1264190674,842,361
10, 23.145275116,841,361
10, 23.1749250889,841,360
10, 23.195579052,840,360
11, 23.593296051,838,360
11, 23.6035480499,831,361
11, 23.6134021282,814,367
11, 23.6236250401,772,382
11, 23.6328721046,707,405
11, 23.6433990002,639,433
11, 23.6542749405,562,469
11, 23.6624100208,497,497
11, 23.6718680859,436,514
11, 23.7017989159,391,532
11, 23.8720300198,387,532
11, 23.8815350533,378,532
11, 23.8915359974,353,532
11, 23.9023759365,304,527
11, 23.9116289616,246,525
11, 23.9217059612,188,525
11, 23.9318189621,147,525
11, 23.9417459965,120,525
11, 23.9522650242,105,528
11, 23.961452961,96,533
11, 23.970085144,88,544
11, 23.9998090267,63,552
11, 24.2011449337,63,553
11, 24.220277071,63,554
11, 24.2413699627,64,555
11, 24.2525839806,66,555
11, 24.2647471428,67,555
11, 24.2730770111,69,555
11, 24.2806041241,71,555
11, 24.2996399403,72,555
11, 24.3095469475,73,555
11, 24.3797421455,74,555
11, 24.4690821171,75,555
11, 24.5194189548,76,555
11, 24.6082949638,77,555
11, 24.6288070679,78,555
11, 24.6382579803,79,554
11, 24.6502690315,81,554
11, 24.6580650806,84,553
11, 24.6697890759,85,553
11, 24.6784551144,88,552
11, 24.6889710426,89,552
11, 24.7081940174,90,551
11, 24.9668869972,91,551
11, 24.9762020111,92,551
11, 24.9970290661,93,551
11, 25.0062000751,94,551
11, 25.0262050629,95,551
11, 25.0362679958,96,551
11, 25.0461411476,97,551
11, 25.0946500301,98,551
12, 25.4747989178,99,551
12, 25.4842720032,109,547
12, 25.494811058,139,535
12, 25.5048921108,226,514
12, 25.5149149895,332,503
12, 25.5241141319,447,498
12, 25.5334630013,512,498
12, 25.544244051,574,501
12, 25.5552079678,649,506
12, 25.5653131008,714,509
12, 25.572988987,765,511
12, 25.6028149128,833,513
12, 25.8531589508,835,511
12, 25.8624811172,837,507
12, 25.873167038,842,501
12, 25.8826420307,845,497
12, 25.8931410313,848,492
12, 25.9025959969,851,489
12, 25.9127910137,853,488
12, 25.9220421314,854,487
12, 25.9322659969,854,486
12, 26.0317890644,853,486
12, 26.0414299965,852,486
12, 26.0521810055,851,486
12, 26.0616750717,850,486
12, 26.0720379353,849,486
12, 26.0818030834,848,486
12, 26.0915119648,847,486
12, 26.151706934,847,485
12, 26.1617660522,847,484
12, 26.171792984,847,482
12, 26.1827189922,847,481
12, 26.1942970753,847,479
12, 26.2015631199,848,476
12, 26.2133729458,849,476
12, 26.2214069366,850,475
12, 26.2322850227,850,474
12, 26.2522490025,850,473
12, 26.2809989452,851,473
12, 26.3510630131,851,472
12, 26.3806660175,851,471
12, 26.6788921356,851,470
12, 26.6889259815,851,468
12, 26.6988499165,851,466
12, 26.7092571259,851,463
12, 26.7187991142,851,461
12, 26.729352951,851,459
12, 26.7389149666,851,457
12, 26.7490980625,851,455
12, 26.759032011,852,454
12, 26.7741091251,853,452
12, 26.7777631283,854,451
12, 26.7882790565,854,450
12, 27.3264870644,850,450
12, 27.335709095,829,447
12, 27.3462481499,759,438
12, 27.3555181026,663,424
12, 27.3665130138,544,413
12, 27.3762540817,422,405
12, 27.3853240013,361,405
12, 27.3965260983,310,405
12, 27.4061090946,258,408
12, 27.4143381119,219,412
12, 27.4438569546,154,411
12, 27.6851210594,155,410
12, 27.6943869591,159,410
12, 27.7039561272,169,410
12, 27.7147889137,188,414
12, 27.7240600586,244,435
12, 27.7347390652,306,463
12, 27.7441980839,371,488
12, 27.7538781166,429,507
12, 27.7646501064,477,520
12, 27.7745149136,509,524
12, 27.7841351032,525,524
12, 27.7929611206,533,516
12, 27.8236129284,566,503
12, 27.9636070728,572,500
12, 27.9733331203,592,490
12, 27.9828879833,641,469
12, 27.9930810928,702,447
12, 28.0032589436,769,432
12, 28.0137610435,819,423
12, 28.0227530003,851,421
12, 28.0382430553,864,420
12, 28.0451369286,869,420
12, 28.0550849438,870,420
12, 28.073882103,869,421
12, 28.0826721191,866,425
12, 28.0922980309,863,429
12, 28.1029729843,860,434
12, 28.1134021282,859,435
12, 28.1224620342,858,436
12, 28.1321399212,857,437
12, 28.1722331047,858,437
12, 28.1828589439,862,434
12, 28.191822052,865,433
12, 28.2021811008,867,431
12, 28.211607933,868,431
12, 28.2217819691,868,430
12, 28.2528700829,868,431
12, 28.2624931335,867,433
12, 28.2716591358,865,435
12, 28.2822220325,860,438
12, 28.2916719913,859,439
12, 28.3024880886,858,440
12, 28.3113651276,857,441
12, 28.9986281395,856,442
12, 29.0086591244,855,442
12, 29.0186970234,854,444
12, 29.0387780666,853,445
12, 29.0482599735,853,446
12, 29.0582699776,852,446
12, 29.0675759315,852,447
12, 29.5667600632,851,447
12, 29.576406002,846,447
12, 29.5870411396,834,444
12, 29.596020937,810,432
12, 29.6065161228,775,417
12, 29.6152701378,744,408
12, 29.6251139641,717,401
12, 29.6354930401,700,398
12, 29.6456050873,689,396
12, 29.6558749676,685,396
12, 29.6650080681,683,396
12, 29.9143049717,684,395
12, 29.9239389896,688,394
12, 29.9346339703,700,393
12, 29.943887949,720,391
12, 29.9536499977,754,391
12, 29.9647490978,801,401
12, 29.9740431309,842,414
12, 29.9841959476,871,428
12, 29.9939780235,885,435
12, 30.0037639141,891,440
12, 30.0140850544,893,442
12, 30.0237231255,893,443
12, 30.0338759422,892,444
12, 30.0439319611,889,446
12, 30.0547990799,885,448
12, 30.0644581318,882,450
12, 30.0742800236,878,451
12, 30.0873949528,877,451
12, 30.1030590534,876,451
12, 30.1834230423,876,452
12, 30.1925239563,875,453
12, 30.2226500511,873,453
12, 30.2330451012,872,453
12, 30.2424340248,871,453
12, 30.2538349628,870,453
12, 30.2631449699,869,453
12, 30.2825601101,869,452
12, 30.2944500446,868,452
12, 30.3069751263,868,451
12, 30.4126460552,867,451
12, 30.4515750408,866,451
12, 30.6609630585,865,451
12, 30.6907169819,864,451
12, 30.7906010151,863,451
12, 30.8004119396,862,451
12, 31.0486660004,861,451
12, 31.0794029236,860,451
12, 31.0991909504,859,451
12, 31.1288261414,858,451
12, 31.1370990276,856,452
13, 31.7567429543,854,453
13, 31.7655439377,845,453
13, 31.7754180431,820,453
13, 31.7858610153,765,453
13, 31.7961239815,689,441
13, 31.8055679798,602,423
13, 31.8157191277,518,402
13, 31.8255970478,442,389
13, 31.8354110718,375,379
13, 31.8462131023,333,373
13, 31.8562140465,312,373
13, 31.8647010326,302,375
13, 31.8943400383,256,370
13, 32.0249729156,254,370
13, 32.0345640182,252,370
13, 32.0458929539,246,370
13, 32.0542449951,236,375
13, 32.0680799484,220,382
13, 32.0775959492,204,391
13, 32.0879631042,189,398
13, 32.0960419178,177,405
13, 32.1053359509,165,410
13, 32.1183900833,151,416
13, 32.1238110065,139,420
13, 32.1336550713,127,422
13, 32.1439640522,120,425
13, 32.1542170048,114,425
13, 32.1637699604,111,425
13, 32.1745619774,109,425
13, 32.1842870712,108,423
13, 32.1943340302,108,421
13, 32.203387022,108,420
13, 32.2140610218,108,418
13, 32.233479023,109,417
13, 32.2433519363,111,415
13, 32.2533891201,113,413
13, 32.2736620903,114,413
13, 32.2843971252,115,413
13, 32.3431470394,115,414
13, 32.3528780937,114,414
13, 32.3837821484,114,415
13, 32.4130349159,114,416
13, 32.4226579666,113,417
13, 32.4330060482,112,419
13, 32.4422869682,111,421
13, 32.452477932,111,423
13, 32.4626750946,110,426
13, 32.4730679989,110,428
13, 32.4826359749,110,430
13, 32.5827929974,109,430
13, 32.6018970013,108,430
13, 32.6124379635,108,431
13, 32.6217651367,107,431
13, 32.6317610741,107,432
13, 32.641947031,106,432
13, 32.6526639462,105,432
13, 32.6620390415,105,433
13, 32.6818461418,104,433
13, 32.7516510487,103,434
13, 32.7629230022,103,435
13, 32.8713641167,102,435
13, 32.9004280567,102,436
13, 32.9502639771,102,437
13, 32.981251955,102,438
13, 33.0106549263,102,439
13, 33.0198390484,101,439
13, 33.1697530746,101,440
13, 33.1890399456,100,441
13, 33.1994760036,100,442
13, 33.2092850208,100,443
13, 33.2189080715,100,444
13, 33.2295150757,100,445
13, 33.6390659809,100,446
13, 33.7674739361,99,446
13, 33.9064741135,99,447
14, 34.3343229294,103,447
14, 34.3438360691,110,446
14, 34.3580091,132,446
14, 34.3644330502,173,446
14, 34.3739099503,245,450
14, 34.3854961395,325,465
14, 34.3956170082,405,481
14, 34.4036641121,479,499
14, 34.4137220383,546,514
14, 34.4240369797,589,522
14, 34.4332771301,610,522
14, 34.4431619644,620,522
14, 34.452575922,623,519
14, 34.4825050831,662,511
14, 34.622961998,665,511
14, 34.6322579384,669,509
14, 34.643862009,676,508
14, 34.6528220177,683,507
14, 34.6640300751,690,505
14, 34.6726369858,697,502
14, 34.6820170879,706,501
14, 34.6922039986,717,501
14, 34.7026700974,727,501
14, 34.7125630379,738,503
14, 34.7221751213,748,508
14, 34.7321851254,759,515
14, 34.7423510551,770,521
14, 34.7527639866,779,527
14, 34.7617049217,785,531
14, 34.7722201347,787,533
14, 34.7818291187,787,534
14, 34.8421630859,788,534
14, 34.851498127,789,534
14, 34.8713419437,790,534
14, 34.9620001316,791,534
14, 34.9710640907,792,534
14, 34.9912619591,793,534
14, 35.0031509399,794,534
14, 35.0208539963,796,534
14, 35.0307300091,798,534
14, 35.0512061119,800,534
14, 35.0707111359,802,534
14, 35.0822601318,803,535
14, 35.1014339924,804,535
14, 35.1117899418,805,535
14, 35.1204080582,806,535
14, 35.1622140408,807,535
14, 35.1716940403,808,535
14, 35.180480957,808,536
14, 35.1900029182,810,536
14, 35.2004270554,812,537
14, 35.2212209702,813,537
14, 35.2308490276,814,537
14, 35.2397861481,814,538
14, 35.2800569534,815,538
14, 35.2898230553,817,538
14, 35.2992100716,819,538
14, 35.3091900349,821,538
14, 35.3195750713,824,539
14, 35.3297579288,827,540
14, 35.3389050961,828,541
14, 35.3491549492,830,542
14, 35.3588340282,831,542
14, 35.6088891029,833,542
14, 35.6179590225,835,543
14, 35.628770113,836,544
14, 35.6379799843,839,544
14, 35.6479611397,842,544
14, 35.6584961414,843,545
14, 35.6677279472,845,545
14, 35.6784489155,847,545
14, 35.8469650745,848,545
15, 36.2256720066,847,544
15, 36.2349100113,842,541
15, 36.2452220917,826,532
15, 36.2554619312,777,511
15, 36.2652571201,708,478
15, 36.2754719257,629,441
15, 36.2856230736,540,409
15, 36.295787096,465,383
15, 36.3048930168,388,365
15, 36.3165590763,329,358
15, 36.3251199722,291,356
15, 36.3357460499,270,356
15, 36.3438699245,254,358
15, 36.3736701012,207,347
15, 36.524326086,202,347
15, 36.5360360146,193,347
15, 36.5461981297,180,345
15, 36.5541801453,163,343
15, 36.5650730133,148,340
15, 36.5742950439,136,340
15, 36.5864400864,130,340
15, 36.5943751335,126,340
15, 36.6041009426,124,340
15, 36.613961935,122,340
15, 36.6246061325,122,342
15, 36.6334009171,121,343
15, 36.6438670158,121,344
15, 36.6538829803,121,345
15, 36.6640999317,121,346
15, 36.6732461452,121,347
15, 36.6844480038,121,348
15, 36.8624579906,121,349
15, 36.872977972,122,350
15, 36.892385006,123,350
15, 37.0123820305,122,350
15, 37.0519390106,121,350
16, 37.7794930935,122,350
16, 37.7882521152,127,350
16, 37.7989051342,139,350
16, 37.8083660603,169,352
16, 37.8179090023,239,367
16, 37.8283550739,323,385
16, 37.8384120464,404,409
16, 37.8476691246,483,438
16, 37.8580260277,541,462
16, 37.8675379753,581,482
16, 37.8785710335,596,489
16, 37.8879380226,602,492
16, 37.8979671001,603,493
16, 37.9072921276,601,494
16, 37.9166839123,592,493
16, 38.0770070553,596,494
16, 38.0868680477,610,498
16, 38.0969970226,637,507
16, 38.106454134,679,524
16, 38.116508007,732,548
16, 38.1276130676,775,573
16, 38.1365201473,809,597
16, 38.1464660168,830,611
16, 38.1562609673,840,619
16, 38.1667671204,846,622
16, 38.2046840191,866,622
16, 38.3357620239,866,624
16, 38.3453221321,869,627
16, 38.356593132,873,632
16, 38.3665890694,881,643
16, 38.3756999969,891,660
16, 38.3855690956,904,677
16, 38.3952629566,912,688
16, 38.4061081409,915,692
16, 38.4162170887,916,694
16, 38.4361569881,912,693
16, 38.4461901188,905,688
16, 38.4553279877,895,680
16, 38.4648649693,887,672
16, 38.4756879807,880,667
16, 38.4848361015,874,662
16, 38.4955251217,868,659
16, 38.5052239895,864,656
16, 38.5149540901,858,655
16, 38.5247831345,856,655
16, 38.5357201099,851,655
16, 38.5465221405,845,655
16, 38.5546901226,842,655
16, 38.564677,840,655
16, 38.5749630928,837,655
16, 38.5851719379,836,655
16, 38.5941591263,835,655
16, 38.6054201126,834,655
16, 38.6347060204,833,655
16, 38.6454920769,833,654
16, 38.7481040955,832,654
16, 38.8235509396,831,654
16, 38.8641710281,831,653
16, 38.9138541222,831,652
16, 38.9534509182,830,652
16, 38.972826004,829,651
16, 38.9836330414,829,650
16, 39.0925779343,829,649
16, 39.1024770737,829,648
16, 39.1126010418,829,647
16, 39.1220700741,828,647
16, 39.1430840492,828,646
16, 39.2447030544,827,645
16, 39.2823550701,827,644
16, 39.3515529633,827,643
16, 39.3624920845,826,643
16, 39.3911619186,825,643
16, 39.4309220314,824,643
16, 39.4409611225,823,643
16, 39.4506471157,823,642
16, 39.4609241486,822,642
17, 40.1778919697,818,642
17, 40.186866045,812,640
17, 40.1975729465,792,633
17, 40.2070269585,749,608
17, 40.2175049782,689,573
17, 40.2272529602,628,533
17, 40.2369229794,561,494
17, 40.2475030422,500,451
17, 40.2579081059,446,414
17, 40.2669160366,396,388
17, 40.2777090073,364,374
17, 40.2872319221,349,373
17, 40.3156731129,308,349
17, 40.4862849712,305,349
17, 40.4970729351,299,345
17, 40.5058219433,285,336
17, 40.5158469677,256,320
17, 40.5270929337,223,302
17, 40.5359289646,196,284
17, 40.5494830608,177,267
17, 40.5589621067,165,255
17, 40.5678200722,154,244
17, 40.577256918,146,236
17, 40.5862879753,140,231
17, 40.5991909504,136,229
17, 40.6061849594,134,229
17, 40.6176669598,134,233
17, 40.8174180984,134,234
17, 40.8246130943,134,236
17, 40.834551096,136,239
17, 40.8445191383,139,241
17, 40.8539159298,140,243
17, 40.8647830486,141,244
17, 40.8748300076,143,245
17, 40.8838329315,143,246
17, 41.0136160851,144,246
17, 41.0339870453,144,247
17, 41.0452561378,145,247
17, 41.0533919334,146,249
17, 41.0632369518,146,250
17, 41.0729320049,147,251
17, 41.0833539963,147,252
17, 41.0931839943,147,253
17, 41.1630020142,147,254
17, 41.1728761196,147,255
17, 41.1938660145,147,256
17, 41.2144510746,147,257
17, 41.2226331234,147,258
17, 41.2457511425,148,258
17, 41.551295042,148,259
17, 41.5608990192,148,260
17, 41.5706419945,149,260
17, 41.5818209648,149,261
17, 41.592040062,149,262
17, 42.0595419407,150,263
17, 42.0691430569,151,263
17, 42.078289032,152,264
17, 42.0890290737,152,265
17, 42.0987930298,153,265
17, 42.109662056,154,266
17, 42.1185231209,155,266
17, 42.5775279999,155,267
18, 42.8855080605,157,267
18, 42.8957090378,166,270
18, 42.9050140381,200,294
18, 42.9149730206,284,343
18, 42.9259960651,375,409
18, 42.9350299835,477,480
18, 42.9449560642,575,553
18, 42.9558529854,612,610
18, 42.9639401436,657,643
18, 42.9738590717,691,664
18, 42.9831161499,704,671
18, 43.0135979652,751,703
18, 43.204791069,749,703
18, 43.2149839401,745,703
18, 43.2258839607,739,698
18, 43.2335660458,730,693
18, 43.2436749935,726,690
18, 43.2529559135,724,688
18, 43.2637839317,723,688
18, 43.2938361168,727,689
18, 43.3028440475,736,694
18, 43.3128259182,747,700
18, 43.3231480122,757,703
18, 43.3329350948,765,707
18, 43.3439891338,769,709
18, 43.3536610603,770,711
18, 43.3630590439,770,712
18, 43.5434031487,770,713
18, 43.5543169975,770,715
18, 43.5816869736,770,716
18, 43.7996110916,770,715
19, 44.1592741013,767,713
19, 44.1692910194,759,707
19, 44.1794531345,734,686
19, 44.1891319752,685,636
19, 44.2010190487,625,577
19, 44.2097830772,558,504
19, 44.2190711498,491,438
19, 44.2308549881,424,365
19, 44.2433109283,371,312
19, 44.2535591125,326,277
19, 44.2588140965,292,253
19, 44.2685530186,270,243
19, 44.2777540684,258,236
19, 44.3078680038,218,201
19, 44.4776570797,216,201
19, 44.4878370762,215,201
19, 44.4985079765,213,201
19, 44.5083191395,212,201
19, 44.5180530548,211,201
19, 44.705904007,212,201
19, 44.8067090511,212,202
19, 44.8172581196,212,201
20, 45.0651941299,214,202
20, 45.075658083,223,210
20, 45.0852191448,247,237
20, 45.0956540108,311,307
20, 45.1052861214,393,406
20, 45.1151149273,494,515
20, 45.1264150143,594,618
20, 45.1347429752,682,718
20, 45.146739006,748,748
20, 45.1731100082,808,811
20, 45.4040091038,806,811
20, 45.4137370586,803,810
20, 45.4238879681,798,809
20, 45.4339921474,792,807
20, 45.4436230659,787,806
20, 45.4532530308,778,803
20, 45.4640049934,769,802
20, 45.474599123,761,801
20, 45.4836680889,754,798
20, 45.4938020706,748,797
20, 45.5085830688,745,796
20, 45.5135490894,744,795
20, 45.5261330605,742,795
20, 45.533424139,741,794
20, 45.5430910587,741,793
20, 45.5534639359,741,792
20, 45.5628430843,740,792
20, 45.5734469891,740,791
20, 45.5832519531,740,790
20, 45.6038241386,739,790
20, 45.6827180386,738,790
20, 45.7136271,736,790
20, 45.7224230766,735,790
20, 45.7323799133,734,790
20, 45.7425069809,733,790
20, 45.751734972,732,790
20, 45.7620401382,731,790
20, 45.7722399235,730,790
20, 45.7926421165,728,790
20, 45.8115661144,727,790
20, 45.831567049,726,790
20, 45.853094101,725,790
20, 45.8813669682,724,790
20, 45.8915219307,723,789
20, 45.9120960236,722,789
20, 45.921131134,722,788
20, 45.9815890789,722,787
20, 46.0416409969,721,787
20, 46.051913023,720,787
20, 46.0612859726,719,787
20, 46.0742900372,718,787
20, 46.0815069675,717,786
20, 46.0914039612,715,786
20, 46.1008479595,714,786
20, 46.1105070114,713,786
20, 46.1203570366,712,786
20, 46.1305711269,712,785
20, 46.1408770084,711,785
20, 46.2507770061,710,785
20, 46.2622990608,709,785
20, 46.4188580513,708,785
20, 46.4591429234,704,786
20, 46.4691359997,702,788
20, 46.4785079956,701,790
21, 46.9170200825,697,788
21, 46.9264750481,681,766
21, 46.9372289181,637,705
21, 46.9468431473,577,617
21, 46.9570930004,521,517
21, 46.9668009281,474,411
21, 46.9768490791,425,324
21, 46.9867210388,393,270
21, 46.996514082,376,243
21, 47.0050070286,370,235
21, 47.0351889133,342,189
21, 47.2261500359,341,189
21, 47.2353870869,339,189
21, 47.2461409569,337,189
21, 47.2553269863,334,189
21, 47.2653880119,330,187
21, 47.2760090828,326,183
21, 47.2852630615,323,180
21, 47.2968010902,320,176
21, 47.3067820072,318,173
21, 47.316213131,317,171
21, 47.3259439468,316,169
21, 47.336097002,316,168
21, 47.3551399708,316,167
21, 47.5354449749,315,167
21, 47.5650119781,314,167
21, 47.5757629871,313,167
21, 47.5855801105,312,166
21, 47.6149280071,311,165
21, 47.6287479401,311,164
21, 47.6441590786,310,163
21, 47.6533510685,310,162
21, 47.6744329929,310,161
21, 47.6838281155,310,160
21, 47.6937570572,310,159
21, 47.713570118,310,157
21, 47.7242181301,310,156
21, 47.734607935,309,156
21, 47.7433800697,308,155
21, 47.7533419132,308,154
21, 47.7755000591,307,153
21, 47.8037240505,306,153
21, 47.8928930759,305,153
21, 48.0419859886,304,153
21, 48.0917050838,303,152
21, 48.1818649769,303,151
21, 48.2806780338,302,151
21, 48.3408169746,301,151
21, 48.3605730534,301,150
21, 48.3942351341,301,149
21, 48.4011261463,300,148
22, 48.8710861206,303,151
22, 48.8790240288,309,158
22, 48.8885009289,323,189
22, 48.8984899521,355,242
22, 48.909224987,395,322
22, 48.9183659554,438,412
22, 48.9284651279,484,501
22, 48.9381599426,534,595
22, 48.94779706,573,668
22, 48.9580450058,605,725
22, 48.967705965,628,768
22, 48.9766979218,639,784
22, 49.0074551105,674,851
22, 49.2079949379,675,853
22, 49.2174129486,675,854
22, 49.2268550396,675,857
22, 49.2379181385,675,858
22, 49.2581720352,673,858
22, 49.2690420151,670,858
22, 49.2779541016,667,858
22, 49.288064003,664,857
22, 49.2967269421,661,855
22, 49.3068799973,658,850
22, 49.3170480728,655,847
22, 49.3260939121,653,846
22, 49.3369510174,651,843
22, 49.3468959332,649,841
22, 49.3568811417,648,840
22, 49.3664140701,646,838
22, 49.3765571117,644,837
22, 49.3861689568,641,836
22, 49.396253109,640,836
22, 49.4065480232,636,835
22, 49.4162781239,633,834
22, 49.4263820648,631,834
22, 49.4361040592,629,833
22, 49.4464049339,627,833
22, 49.4664070606,626,833
22, 49.4795930386,625,832
22, 49.6151599884,624,833
22, 49.6364650726,623,833
22, 49.6649649143,622,833
22, 49.7844910622,622,832
22, 49.8347759247,622,831
22, 49.8749089241,622,830
22, 49.9044539928,622,829
22, 49.9846930504,621,829
22, 50.0331759453,621,828
22, 50.1142170429,620,828
22, 50.1653249264,619,828
23, 50.5211479664,616,825
23, 50.5309309959,607,813
23, 50.5422310829,587,779
23, 50.5515050888,550,728
23, 50.5606369972,515,662
23, 50.5704910755,484,596
23, 50.5807931423,457,533
23, 50.5913751125,430,474
23, 50.6005780697,410,432
23, 50.6102759838,399,406
23, 50.6401429176,376,364
23, 50.7899699211,375,362
23, 50.7998189926,373,357
23, 50.8096561432,369,346
23, 50.8203999996,365,331
23, 50.8294360638,358,304
23, 50.8409359455,350,261
23, 50.8494899273,346,232
23, 50.8603639603,343,213
23, 50.8698611259,342,199
23, 50.879472971,342,189
23, 50.8907089233,342,186
23, 50.8995420933,342,185
23, 50.9477720261,342,173
23, 51.0885999203,344,173
23, 51.0985031128,346,173
23, 51.1088631153,350,171
23, 51.118144989,356,163
23, 51.1300799847,364,154
23, 51.1379780769,373,145
23, 51.1478500366,381,135
23, 51.1586520672,387,129
23, 51.168585062,392,125
23, 51.1782579422,394,123
23, 51.1886379719,394,122
23, 51.2986090183,393,122
23, 51.3174409866,392,122
23, 51.3269710541,391,122
23, 51.3370780945,390,122
23, 51.3570799828,389,122
23, 51.366797924,388,122
23, 51.4473440647,387,122
23, 51.4581661224,386,122
23, 51.4666941166,385,122
23, 51.4773719311,385,121
23, 51.4977619648,385,120
23, 51.5573139191,385,119
23, 51.6564760208,385,118
23, 51.715405941,385,117
23, 51.7476289272,385,116
24, 52.0943760872,385,118
24, 52.104788065,385,126
24, 52.1163749695,387,154
24, 52.1278240681,402,215
24, 52.1334359646,422,289
24, 52.1437959671,459,365
24, 52.1532199383,496,441
24, 52.1639051437,525,498
24, 52.1738021374,545,537
24, 52.1836891174,556,557
24, 52.194327116,560,563
24, 52.2017290592,562,563
24, 52.2317230701,576,597
24, 52.3828389645,576,599
24, 52.3928871155,576,603
24, 52.4029090405,576,611
24, 52.4132139683,576,622
24, 52.4275989532,576,636
24, 52.4328989983,575,651
24, 52.4423599243,574,666
24, 52.452409029,574,682
24, 52.4625139236,574,699
24, 52.4731960297,573,712
24, 52.4827620983,571,721
24, 52.4920020103,570,726
24, 52.5024011135,568,729
24, 52.5120151043,568,731
24, 52.5230970383,567,731
24, 52.5319731236,565,732
24, 52.5510249138,564,734
24, 52.5801811218,562,739
24, 52.7310919762,561,742
24, 52.7418041229,559,746
24, 52.7509539127,558,753
24, 52.7613251209,555,762
24, 52.7716069221,553,770
24, 52.7810869217,550,778
24, 52.7912039757,548,783
24, 52.8019311428,547,789
24, 52.8125519753,546,791
24, 52.8904900551,546,792
24, 52.9006891251,546,794
24, 52.9100749493,545,794
24, 52.9213020802,544,796
24, 52.9300260544,544,798
24, 52.9515490532,543,800
24, 52.9601709843,542,801
24, 53.0398390293,542,802
24, 53.0496189594,542,803
24, 53.0709710121,541,804
24, 53.0798680782,541,806
24, 53.0904269218,541,807
24, 53.099198103,541,809
24, 53.1113381386,540,810
24, 53.1187970638,539,811
24, 53.1289710999,538,813
24, 53.1391270161,537,814
24, 53.1988079548,537,815
24, 53.208976984,537,816
24, 53.2295370102,537,817
24, 53.238806963,537,818
24, 53.2486860752,536,819
24, 53.25908494,536,820
24, 53.269562006,536,821
24, 53.280766964,536,822
24, 53.3001909256,535,822
24, 53.3201889992,535,823
24, 53.3303449154,535,824
24, 53.3484449387,535,825
24, 53.3576710224,534,827
24, 53.3783380985,534,828
24, 53.4876420498,533,828
24, 53.5079119205,533,829
24, 53.5283930302,532,829
24, 53.5380060673,532,831
24, 53.5485861301,531,832
24, 53.5567040443,529,833
24, 53.5670881271,529,834
24, 53.5779111385,528,835
24, 53.5980529785,527,836
24, 53.7769389153,526,837
24, 53.7958741188,526,838
24, 53.8262081146,525,839
24, 53.8762700558,525,840
24, 53.8952839375,524,840
24, 53.906003952,524,841
24, 53.9155421257,524,842
24, 53.9259750843,524,843
24, 53.9654619694,524,844
24, 53.9750900269,524,845
24, 54.0059370995,524,846
24, 54.0253651142,523,846
24, 54.0350000858,523,847
24, 54.2455220222,523,848
24, 54.2954490185,523,849
24, 54.3064610958,522,849
24, 54.3438761234,522,848
25, 54.4320600033,523,848
25, 54.5630609989,523,845
25, 54.5729980469,526,839
25, 54.5830709934,528,822
25, 54.5932729244,534,791
25, 54.6023490429,543,731
25, 54.6125650406,553,668
25, 54.6224420071,560,603
25, 54.6319429874,565,534
25, 54.6433479786,572,478
25, 54.6520400047,577,426
25, 54.6627190113,581,388
25, 54.6729841232,584,365
25, 54.6814949512,587,348
25, 54.6910030842,591,335
25, 54.7207300663,598,296
25, 54.871972084,598,294
25, 54.8812990189,597,291
25, 54.8912220001,593,286
25, 54.9016990662,583,275
25, 54.9114289284,570,254
25, 54.9226031303,553,218
25, 54.9311690331,539,186
25, 54.941617012,531,161
25, 54.9510960579,519,133
25, 54.9607510567,515,113
25, 54.9708571434,512,98
25, 54.9815769196,509,91
25, 54.9907951355,509,88
25, 55.0102751255,509,91
25, 55.0407071114,509,94
25, 55.2099411488,509,96
25, 55.2198529243,508,98
25, 55.229788065,505,99
25, 55.240404129,502,101
25, 55.2497520447,499,102
25, 55.2600810528,497,102
25, 55.2696111202,495,102
25, 55.2795369625,493,102
25, 55.3006050587,492,102
25, 55.4890170097,492,101
25, 55.5086050034,491,101
25, 55.5586469173,490,101
25, 55.5903429985,489,101
25, 55.5994551182,488,101
25, 55.6582810879,487,101
25, 55.6682281494,486,101
25, 55.688147068,484,101
25, 55.6982691288,483,101
25, 55.7278931141,482,101
25, 55.7387139797,481,101
