ZhenMouse,B
,2014-07-28

Target#, time, targetX, targetY, clicked, keyPressed, condition (W&D), errorMargin
0,0.889533996582,475.0,97.0,0,0,58,756,0
1,1.68185806274,427.624037713,850.019357097,0,0,58,756,0
2,2.38506293297,569.004777348,108.875565093,0,0,58,756,0
3,3.26389598846,335.848919085,826.455511666,0,0,58,756,0
4,4.08111310005,657.10288881,143.756074943,0,0,58,756,0
5,4.80800008774,252.817174633,780.808423874,0,0,58,756,0
6,5.54605507851,733.758806041,199.449858835,0,0,58,756,0
7,7.01966404915,183.745994231,715.946268125,1,0,58,756,3.93497513585
8,7.8033220768,794.15595584,272.457471498,0,0,58,756,1.77328591564
9,8.43406295776,132.975374168,635.944572212,0,0,58,756,0
10,9.25046205521,834.49936316,358.191576126,0,0,58,756,0
11,10.0553710461,103.695419225,545.830136913,0,0,58,756,0
12,11.2853689194,852.254103346,451.265183618,1,0,58,756,0
13,12.0221850872,97.7458966541,451.265183618,0,0,58,756,0
14,12.8358309269,846.304580775,545.830136913,0,0,58,756,0.415013835006
15,13.7550919056,115.50063684,358.191576126,0,0,58,756,0
16,14.8505699635,817.024625832,635.944572212,0,0,58,756,0
17,15.6414809227,155.84404416,272.457471498,0,0,58,756,0
18,16.5853219032,766.254005769,715.946268125,0,0,58,756,0
19,17.3310918808,216.241193959,199.449858835,0,0,58,756,0
20,18.1612019539,697.182825367,780.808423874,0,0,58,756,0
21,18.8414049149,292.89711119,143.756074943,0,0,58,756,0
22,19.7220110893,614.151080915,826.455511666,0,0,58,756,0
23,20.3848929405,380.995222652,108.875565093,0,0,58,756,0
24,21.2885560989,522.375962287,850.019357097,0,0,58,756,0
25,22.608561039,475.0,97.0,1,0,58,756,0
